1 40
1 76
1 79
1 86
1 103
1 110
1 111
1 132
1 147
1 166
1 178
1 308
1 341
1 390
1 432
1 435
1 534
1 614
1 656
1 675
1 708
1 775
1 798
2 5
2 43
2 151
2 211
2 236
2 248
2 296
2 309
2 338
2 344
2 416
2 429
2 447
2 459
2 533
2 541
2 553
2 666
2 668
2 674
2 797
3 25
3 41
3 60
3 73
3 100
3 120
3 122
3 142
3 167
3 172
3 175
3 227
3 229
3 297
3 301
3 304
3 311
3 425
3 483
3 491
3 494
3 530
3 531
3 558
3 562
3 575
3 650
3 674
3 715
4 9
4 30
4 64
4 66
4 80
4 98
4 108
4 134
4 135
4 136
4 184
4 213
4 238
4 347
4 368
4 468
4 494
4 503
4 626
4 640
4 650
4 652
4 657
4 682
4 722
4 738
4 799
5 8
5 25
5 34
5 39
5 47
5 83
5 119
5 130
5 236
5 287
5 322
5 360
5 394
5 476
5 547
5 624
5 655
5 656
5 660
5 719
5 732
5 743
5 744
5 748
5 796
5 797
6 9
6 16
6 40
6 42
6 48
6 49
6 75
6 178
6 307
6 322
6 344
6 359
6 390
6 421
6 502
6 510
6 530
6 590
6 680
6 702
6 746
6 758
6 766
7 13
7 30
7 67
7 150
7 186
7 252
7 256
7 302
7 306
7 410
7 432
7 443
7 471
7 488
7 505
7 508
7 510
7 532
7 559
7 560
7 576
7 681
7 684
7 685
7 704
7 748
8 9
8 40
8 66
8 92
8 95
8 115
8 154
8 244
8 316
8 384
8 385
8 401
8 403
8 455
8 464
8 478
8 501
8 510
8 521
8 524
8 538
8 587
8 617
8 622
8 629
8 664
8 705
8 714
8 779
9 97
9 98
9 141
9 248
9 288
9 290
9 316
9 328
9 378
9 427
9 510
9 521
9 531
9 565
9 575
9 635
9 650
9 705
9 738
9 760
9 788
9 799
10 30
10 64
10 69
10 111
10 118
10 125
10 183
10 227
10 229
10 316
10 361
10 362
10 408
10 427
10 466
10 507
10 563
10 591
10 604
10 605
10 621
10 641
10 662
10 731
11 25
11 33
11 45
11 53
11 55
11 120
11 147
11 157
11 163
11 199
11 211
11 221
11 225
11 281
11 285
11 291
11 300
11 308
11 314
11 343
11 364
11 551
11 552
11 559
11 626
11 687
11 693
11 712
11 717
11 727
11 776
11 791
11 797
12 48
12 104
12 110
12 116
12 119
12 122
12 131
12 149
12 150
12 247
12 248
12 264
12 267
12 308
12 315
12 343
12 353
12 376
12 394
12 453
12 577
12 603
12 610
12 616
12 632
12 640
12 655
12 682
12 691
12 719
12 729
12 731
12 756
12 766
13 18
13 20
13 22
13 32
13 42
13 88
13 102
13 150
13 176
13 186
13 241
13 283
13 290
13 309
13 375
13 380
13 486
13 500
13 585
13 600
13 649
13 665
13 736
13 751
13 798
14 15
14 35
14 54
14 139
14 181
14 207
14 234
14 298
14 300
14 317
14 339
14 371
14 376
14 386
14 397
14 510
14 551
14 560
14 567
14 582
14 616
14 621
14 681
14 682
14 697
14 710
15 49
15 58
15 89
15 233
15 240
15 357
15 400
15 433
15 581
15 599
15 646
15 716
15 784
16 34
16 99
16 152
16 226
16 239
16 248
16 262
16 277
16 283
16 301
16 313
16 355
16 409
16 416
16 456
16 498
16 593
16 640
16 648
16 712
16 732
16 751
16 781
16 796
17 21
17 57
17 152
17 162
17 273
17 275
17 385
17 476
17 535
17 548
17 567
17 576
17 634
17 645
17 672
17 728
17 757
18 31
18 47
18 66
18 137
18 163
18 203
18 221
18 224
18 272
18 285
18 352
18 368
18 424
18 454
18 491
18 496
18 497
18 567
18 598
18 600
18 647
18 669
18 718
18 738
19 39
19 56
19 57
19 78
19 92
19 104
19 217
19 253
19 269
19 291
19 319
19 337
19 339
19 360
19 367
19 370
19 380
19 532
19 585
19 597
19 652
19 781
19 783
20 124
20 141
20 152
20 156
20 157
20 257
20 272
20 280
20 315
20 330
20 346
20 392
20 416
20 466
20 596
20 627
20 646
20 649
20 650
20 668
20 673
20 675
20 699
20 775
21 38
21 54
21 87
21 133
21 145
21 157
21 163
21 187
21 232
21 269
21 291
21 301
21 349
21 353
21 362
21 385
21 401
21 424
21 450
21 489
21 502
21 510
21 624
21 675
21 708
22 23
22 26
22 52
22 68
22 136
22 153
22 216
22 292
22 340
22 342
22 364
22 366
22 370
22 393
22 420
22 438
22 647
22 733
22 735
22 786
23 30
23 69
23 121
23 122
23 147
23 206
23 237
23 255
23 274
23 330
23 333
23 337
23 374
23 398
23 446
23 500
23 514
23 562
23 597
23 612
23 616
23 679
23 691
23 701
23 716
23 781
24 71
24 121
24 205
24 234
24 292
24 293
24 393
24 444
24 477
24 532
24 627
24 732
24 743
24 781
25 104
25 273
25 283
25 359
25 431
25 437
25 458
25 491
25 515
25 551
25 589
25 607
25 636
25 642
25 658
25 661
25 779
25 788
26 69
26 82
26 138
26 272
26 290
26 308
26 309
26 315
26 394
26 398
26 407
26 422
26 426
26 477
26 486
26 565
26 576
26 649
26 656
26 689
26 690
26 732
26 750
27 33
27 108
27 116
27 176
27 206
27 228
27 293
27 365
27 374
27 401
27 463
27 474
27 580
27 596
27 643
27 648
27 652
27 665
27 692
27 729
27 730
28 33
28 43
28 60
28 77
28 87
28 91
28 132
28 152
28 170
28 183
28 203
28 238
28 244
28 279
28 301
28 386
28 403
28 411
28 553
28 556
28 557
28 569
28 601
28 671
28 686
28 689
29 89
29 107
29 151
29 217
29 221
29 267
29 272
29 355
29 356
29 390
29 391
29 454
29 474
29 555
29 619
29 622
29 648
29 686
29 695
29 702
29 718
29 728
29 750
29 756
30 74
30 80
30 86
30 97
30 131
30 179
30 198
30 225
30 228
30 263
30 289
30 292
30 335
30 455
30 505
30 545
30 579
30 609
30 627
30 648
30 657
31 35
31 104
31 158
31 226
31 237
31 270
31 273
31 288
31 295
31 382
31 396
31 412
31 450
31 551
31 628
31 664
31 675
31 679
31 729
32 43
32 100
32 113
32 138
32 189
32 237
32 239
32 310
32 336
32 337
32 361
32 460
32 507
32 587
32 641
32 654
32 683
32 718
32 728
32 741
32 746
33 39
33 57
33 61
33 120
33 192
33 299
33 326
33 328
33 347
33 406
33 408
33 423
33 433
33 443
33 450
33 472
33 489
33 598
33 631
33 654
33 692
33 719
33 730
33 775
33 793
34 78
34 90
34 92
34 221
34 236
34 302
34 313
34 336
34 360
34 380
34 385
34 427
34 540
34 555
34 564
34 674
34 682
34 755
34 760
34 767
35 59
35 106
35 124
35 128
35 140
35 176
35 208
35 212
35 220
35 263
35 307
35 340
35 369
35 431
35 446
35 484
35 530
35 553
35 560
35 629
35 656
35 683
35 711
35 731
35 750
36 115
36 156
36 196
36 206
36 238
36 247
36 277
36 280
36 307
36 313
36 436
36 440
36 465
36 526
36 528
36 557
36 561
36 586
36 626
36 659
36 720
36 774
36 787
37 151
37 154
37 167
37 204
37 326
37 344
37 409
37 432
37 450
37 460
37 510
37 513
37 527
37 594
37 632
37 651
37 687
37 724
37 756
37 769
37 774
38 47
38 106
38 119
38 166
38 177
38 217
38 264
38 304
38 356
38 463
38 465
38 469
38 476
38 483
38 502
38 529
38 590
38 687
38 736
39 77
39 110
39 123
39 141
39 145
39 170
39 178
39 200
39 219
39 261
39 281
39 295
39 340
39 348
39 359
39 364
39 412
39 437
39 444
39 513
39 515
39 521
39 537
39 544
39 561
39 569
39 587
39 594
39 604
39 608
39 704
40 46
40 80
40 154
40 163
40 178
40 181
40 208
40 240
40 283
40 311
40 317
40 325
40 397
40 425
40 454
40 486
40 540
40 546
40 600
40 607
40 634
40 722
40 779
41 55
41 79
41 82
41 123
41 128
41 172
41 226
41 254
41 306
41 359
41 374
41 397
41 402
41 422
41 448
41 449
41 458
41 478
41 553
41 680
41 725
41 746
41 790
42 88
42 126
42 187
42 192
42 239
42 288
42 305
42 325
42 332
42 340
42 382
42 410
42 426
42 479
42 532
42 536
42 554
42 599
42 641
42 704
42 738
42 739
43 99
43 167
43 212
43 300
43 475
43 516
43 545
43 573
43 593
43 602
43 622
43 653
43 666
43 684
43 739
43 745
43 755
44 47
44 145
44 175
44 183
44 199
44 237
44 258
44 263
44 298
44 299
44 398
44 407
44 413
44 415
44 422
44 431
44 446
44 451
44 520
44 531
44 547
44 599
44 663
44 683
44 684
44 706
44 753
44 754
44 755
45 71
45 116
45 159
45 224
45 246
45 276
45 308
45 316
45 327
45 395
45 405
45 492
45 562
45 573
45 580
45 583
45 645
45 666
45 668
45 743
45 771
46 110
46 164
46 168
46 198
46 217
46 345
46 422
46 431
46 433
46 449
46 458
46 462
46 468
46 477
46 479
46 490
46 494
46 516
46 525
46 527
46 552
46 567
46 596
46 764
47 132
47 158
47 183
47 211
47 225
47 294
47 340
47 354
47 375
47 432
47 514
47 542
47 582
47 652
47 754
47 757
47 764
47 767
47 769
47 772
48 60
48 111
48 113
48 121
48 158
48 169
48 287
48 329
48 350
48 402
48 419
48 444
48 458
48 500
48 504
48 551
48 596
48 605
48 663
48 690
48 730
48 733
48 739
48 762
48 763
49 89
49 95
49 107
49 139
49 164
49 176
49 181
49 201
49 285
49 296
49 314
49 397
49 405
49 418
49 427
49 439
49 448
49 462
49 471
49 602
49 654
49 667
49 675
49 711
49 742
49 746
49 750
50 59
50 72
50 86
50 122
50 233
50 302
50 364
50 392
50 417
50 512
50 569
50 580
50 581
50 633
50 687
50 732
50 737
51 68
51 121
51 191
51 214
51 219
51 246
51 292
51 321
51 328
51 354
51 418
51 519
51 597
51 610
51 611
51 622
51 665
51 667
51 771
52 65
52 79
52 102
52 105
52 156
52 167
52 185
52 193
52 204
52 251
52 316
52 332
52 427
52 457
52 485
52 536
52 562
52 608
52 610
52 658
52 687
52 694
52 710
52 729
53 200
53 283
53 310
53 362
53 371
53 438
53 439
53 458
53 526
53 528
53 584
53 597
53 598
53 644
53 680
53 712
53 785
54 102
54 126
54 158
54 267
54 321
54 329
54 341
54 349
54 368
54 575
54 633
54 644
54 701
54 702
54 708
54 728
54 766
55 63
55 108
55 111
55 122
55 142
55 164
55 191
55 215
55 238
55 337
55 339
55 376
55 399
55 429
55 465
55 496
55 518
55 523
55 636
55 670
55 699
55 716
55 736
55 763
56 98
56 133
56 147
56 157
56 214
56 220
56 223
56 281
56 301
56 325
56 352
56 360
56 362
56 363
56 397
56 409
56 420
56 425
56 458
56 473
56 475
56 531
56 534
56 609
56 652
56 684
56 706
56 732
56 749
56 752
56 754
56 763
56 764
56 770
56 775
56 777
56 785
57 63
57 72
57 110
57 138
57 246
57 266
57 300
57 334
57 370
57 389
57 487
57 513
57 515
57 570
57 594
57 642
57 790
58 141
58 213
58 228
58 313
58 314
58 330
58 420
58 477
58 485
58 494
58 537
58 599
58 631
58 676
58 701
58 716
58 737
59 68
59 204
59 249
59 259
59 346
59 353
59 378
59 403
59 405
59 423
59 466
59 522
59 523
59 597
59 608
59 613
59 629
59 648
59 651
59 722
59 745
59 765
59 792
60 70
60 114
60 175
60 208
60 240
60 254
60 288
60 376
60 396
60 426
60 437
60 521
60 557
60 575
60 760
60 775
61 82
61 120
61 168
61 224
61 246
61 248
61 285
61 356
61 510
61 586
61 617
61 618
61 628
61 640
61 657
61 661
61 772
61 783
62 74
62 88
62 97
62 110
62 223
62 234
62 258
62 320
62 324
62 346
62 352
62 416
62 417
62 443
62 494
62 516
62 581
62 671
62 691
62 715
62 729
62 736
62 756
63 77
63 88
63 130
63 160
63 229
63 254
63 267
63 309
63 311
63 370
63 431
63 447
63 448
63 507
63 529
63 545
63 572
63 580
63 622
63 631
63 692
63 735
63 755
64 105
64 108
64 109
64 137
64 169
64 186
64 193
64 216
64 248
64 252
64 295
64 303
64 357
64 405
64 415
64 438
64 439
64 517
64 542
64 555
64 567
64 572
64 588
64 591
64 592
64 635
64 648
64 749
64 768
65 76
65 103
65 118
65 168
65 175
65 180
65 253
65 270
65 285
65 307
65 308
65 344
65 388
65 391
65 457
65 462
65 468
65 513
65 530
65 579
65 655
65 686
65 700
65 736
65 792
66 104
66 108
66 134
66 190
66 231
66 273
66 292
66 307
66 311
66 338
66 343
66 393
66 410
66 482
66 522
66 528
66 550
66 567
66 569
66 590
66 608
66 621
66 672
66 681
66 701
66 708
66 785
67 103
67 105
67 132
67 197
67 345
67 385
67 414
67 421
67 424
67 502
67 511
67 556
67 604
67 609
67 614
67 619
67 720
67 788
68 103
68 144
68 209
68 289
68 344
68 371
68 462
68 488
68 494
68 497
68 546
68 556
68 665
68 675
68 694
68 743
68 758
69 84
69 86
69 111
69 143
69 225
69 244
69 253
69 260
69 261
69 288
69 330
69 363
69 397
69 410
69 427
69 506
69 526
69 527
69 550
69 599
69 614
69 676
69 706
69 743
70 80
70 106
70 165
70 169
70 206
70 245
70 259
70 263
70 281
70 288
70 362
70 382
70 385
70 421
70 476
70 480
70 493
70 575
70 616
70 681
70 722
70 761
70 776
70 787
71 88
71 101
71 108
71 142
71 143
71 228
71 240
71 267
71 300
71 402
71 429
71 439
71 441
71 444
71 462
71 508
71 565
71 570
71 576
71 611
71 683
71 686
71 719
71 722
71 724
72 81
72 91
72 153
72 157
72 161
72 236
72 263
72 267
72 282
72 309
72 336
72 344
72 346
72 382
72 400
72 442
72 465
72 477
72 504
72 507
72 544
72 567
72 672
72 741
72 759
72 791
73 105
73 107
73 128
73 203
73 217
73 266
73 286
73 340
73 353
73 391
73 397
73 455
73 497
73 501
73 584
73 588
73 601
73 638
73 653
73 659
73 688
73 690
73 691
73 728
73 742
73 787
74 187
74 207
74 239
74 296
74 350
74 354
74 436
74 469
74 502
74 562
74 566
74 572
74 582
74 607
74 635
74 722
74 723
74 797
75 122
75 136
75 140
75 148
75 188
75 193
75 227
75 229
75 246
75 294
75 333
75 385
75 424
75 469
75 477
75 495
75 527
75 565
75 706
75 748
75 767
75 769
75 772
76 183
76 186
76 210
76 242
76 274
76 284
76 297
76 330
76 360
76 376
76 383
76 384
76 395
76 424
76 442
76 508
76 521
76 522
76 546
76 552
76 554
76 568
76 573
76 686
76 710
76 781
76 792
77 129
77 244
77 269
77 364
77 366
77 472
77 517
77 642
77 647
77 682
77 732
77 775
77 781
78 141
78 179
78 213
78 284
78 319
78 343
78 372
78 443
78 449
78 467
78 494
78 534
78 604
78 629
78 687
78 697
78 699
78 724
78 748
78 749
78 764
78 766
78 767
79 91
79 92
79 133
79 193
79 200
79 235
79 316
79 326
79 387
79 394
79 422
79 444
79 483
79 589
79 612
79 707
80 126
80 129
80 236
80 241
80 298
80 398
80 512
80 516
80 523
80 530
80 568
80 618
80 625
80 655
80 667
80 712
80 734
80 782
81 118
81 151
81 156
81 169
81 177
81 203
81 242
81 264
81 283
81 291
81 312
81 354
81 403
81 412
81 446
81 511
81 537
81 614
81 639
81 650
81 705
81 706
81 726
81 733
82 84
82 96
82 120
82 150
82 162
82 203
82 262
82 269
82 283
82 296
82 324
82 356
82 370
82 410
82 470
82 473
82 507
82 518
82 628
82 650
82 693
82 717
82 753
83 86
83 100
83 125
83 181
83 254
83 281
83 312
83 321
83 331
83 464
83 541
83 543
83 637
83 666
83 708
83 718
83 756
83 776
83 790
84 116
84 134
84 140
84 142
84 261
84 271
84 307
84 359
84 425
84 437
84 516
84 572
84 577
84 586
84 591
84 612
84 647
84 657
84 681
84 716
84 731
84 744
84 750
84 762
85 103
85 110
85 141
85 149
85 184
85 218
85 255
85 275
85 282
85 344
85 368
85 446
85 500
85 517
85 523
85 555
85 578
85 606
85 636
85 708
85 739
86 183
86 223
86 287
86 319
86 334
86 369
86 385
86 389
86 425
86 525
86 554
86 573
86 640
86 645
86 646
86 688
86 702
86 715
86 746
86 750
86 763
86 777
86 782
86 788
86 791
87 107
87 133
87 155
87 170
87 175
87 179
87 278
87 294
87 301
87 335
87 391
87 500
87 518
87 559
87 619
87 630
87 648
87 653
87 712
87 737
87 778
88 115
88 118
88 124
88 139
88 144
88 158
88 180
88 185
88 216
88 289
88 297
88 338
88 363
88 391
88 462
88 480
88 501
88 512
88 553
88 625
88 707
88 737
88 777
89 125
89 144
89 165
89 199
89 203
89 258
89 276
89 300
89 301
89 411
89 423
89 453
89 486
89 507
89 510
89 533
89 536
89 554
89 560
89 646
89 665
89 696
90 96
90 97
90 98
90 227
90 240
90 263
90 274
90 275
90 306
90 352
90 367
90 394
90 397
90 404
90 408
90 450
90 451
90 472
90 491
90 514
90 551
90 579
90 598
90 599
90 660
90 668
90 681
90 716
90 727
90 746
90 758
91 152
91 154
91 160
91 192
91 196
91 251
91 296
91 297
91 317
91 328
91 362
91 397
91 405
91 410
91 515
91 543
91 599
91 607
91 626
91 660
91 680
91 714
91 716
91 723
91 758
92 175
92 257
92 283
92 352
92 355
92 391
92 430
92 477
92 483
92 504
92 568
92 611
92 612
92 724
92 799
93 100
93 105
93 112
93 122
93 153
93 221
93 237
93 281
93 358
93 375
93 393
93 411
93 460
93 592
93 609
93 667
93 687
93 709
93 711
94 102
94 120
94 126
94 129
94 136
94 190
94 193
94 197
94 232
94 268
94 312
94 317
94 343
94 352
94 377
94 482
94 505
94 536
94 566
94 567
94 618
94 700
94 734
94 742
94 752
94 764
94 779
94 790
94 798
95 123
95 255
95 413
95 434
95 461
95 465
95 477
95 490
95 511
95 533
95 560
95 632
95 679
95 680
95 707
95 736
96 120
96 175
96 231
96 266
96 316
96 317
96 342
96 386
96 388
96 409
96 435
96 452
96 462
96 529
96 535
96 542
96 611
96 614
96 679
96 705
97 101
97 103
97 148
97 176
97 200
97 229
97 331
97 340
97 351
97 459
97 487
97 531
97 560
97 597
97 635
97 661
97 663
97 690
97 757
98 172
98 211
98 241
98 260
98 262
98 268
98 388
98 393
98 395
98 424
98 464
98 568
98 603
98 623
98 627
98 688
98 690
98 703
98 710
98 715
98 748
98 764
98 783
98 791
99 134
99 135
99 138
99 156
99 200
99 211
99 230
99 261
99 267
99 383
99 410
99 422
99 581
99 602
99 631
99 664
99 738
100 111
100 218
100 230
100 258
100 287
100 292
100 502
100 565
100 629
100 630
100 686
100 692
100 720
100 748
101 147
101 169
101 195
101 229
101 319
101 330
101 361
101 396
101 434
101 460
101 505
101 516
101 559
101 581
101 600
101 603
101 619
101 623
101 667
101 677
101 710
101 729
101 794
101 799
102 132
102 150
102 175
102 190
102 233
102 237
102 364
102 381
102 442
102 446
102 451
102 561
102 565
102 657
102 685
102 686
103 158
103 164
103 182
103 185
103 189
103 198
103 207
103 222
103 284
103 353
103 394
103 479
103 503
103 523
103 539
103 566
103 598
103 607
103 629
103 645
103 714
103 716
103 725
104 118
104 126
104 133
104 138
104 159
104 201
104 225
104 241
104 390
104 409
104 515
104 594
104 595
104 602
104 614
104 619
104 633
104 650
104 675
104 678
104 699
104 714
104 771
105 118
105 122
105 124
105 148
105 174
105 214
105 218
105 254
105 266
105 358
105 469
105 495
105 518
105 530
105 533
105 749
105 750
105 791
105 799
106 117
106 127
106 136
106 201
106 222
106 237
106 240
106 261
106 297
106 317
106 364
106 491
106 528
106 560
106 635
106 649
106 706
107 126
107 172
107 193
107 207
107 281
107 295
107 304
107 366
107 400
107 452
107 465
107 469
107 525
107 532
107 579
107 600
107 661
107 672
107 703
107 765
107 796
107 799
108 149
108 186
108 232
108 233
108 245
108 287
108 300
108 313
108 331
108 333
108 377
108 385
108 396
108 449
108 471
108 551
108 580
108 596
108 624
108 644
108 645
108 649
108 697
108 769
109 145
109 151
109 160
109 196
109 236
109 253
109 337
109 348
109 349
109 356
109 357
109 467
109 500
109 558
109 639
109 688
109 716
109 718
109 764
109 779
110 136
110 187
110 190
110 234
110 235
110 242
110 246
110 278
110 338
110 373
110 434
110 456
110 536
110 541
110 600
110 624
110 639
110 643
110 663
110 666
110 685
110 692
110 742
110 756
110 759
110 784
111 121
111 168
111 258
111 294
111 300
111 321
111 327
111 329
111 350
111 352
111 429
111 447
111 484
111 502
111 508
111 543
111 568
111 578
111 611
111 614
111 691
111 697
111 733
111 734
111 755
112 127
112 155
112 194
112 219
112 386
112 390
112 412
112 451
112 500
112 539
112 574
112 578
112 585
112 608
112 619
112 627
112 672
112 702
112 705
112 719
112 747
112 748
112 768
113 179
113 205
113 296
113 305
113 366
113 397
113 413
113 476
113 484
113 513
113 528
113 530
113 532
113 631
113 647
113 650
113 701
113 706
113 726
113 756
113 762
114 159
114 169
114 226
114 234
114 260
114 264
114 275
114 325
114 408
114 551
114 571
114 591
114 662
114 669
114 698
114 730
114 741
114 752
114 774
114 778
114 786
114 788
115 159
115 187
115 218
115 256
115 290
115 302
115 316
115 323
115 339
115 346
115 350
115 411
115 501
115 532
115 584
115 598
115 612
115 623
115 680
115 708
115 754
116 130
116 139
116 142
116 151
116 161
116 240
116 270
116 273
116 276
116 286
116 323
116 427
116 464
116 537
116 568
116 569
116 570
116 636
116 638
116 656
116 682
116 683
116 716
116 724
117 162
117 163
117 243
117 285
117 314
117 378
117 424
117 469
117 516
117 595
117 610
117 667
117 685
117 697
117 741
118 125
118 168
118 187
118 227
118 253
118 293
118 378
118 396
118 398
118 399
118 440
118 445
118 665
118 693
118 702
118 711
118 717
118 776
118 787
118 795
119 127
119 209
119 217
119 218
119 248
119 287
119 288
119 360
119 396
119 428
119 433
119 448
119 451
119 455
119 474
119 546
119 562
119 576
119 616
119 635
119 639
119 705
120 171
120 188
120 239
120 247
120 291
120 339
120 342
120 369
120 399
120 408
120 427
120 448
120 458
120 478
120 502
120 526
120 532
120 572
120 596
120 597
120 616
120 643
120 677
120 699
120 714
120 770
121 187
121 190
121 194
121 208
121 311
121 324
121 377
121 404
121 448
121 476
121 481
121 495
121 525
121 572
121 601
121 736
121 744
121 776
121 789
121 794
121 795
122 163
122 170
122 185
122 208
122 250
122 271
122 296
122 309
122 318
122 325
122 470
122 700
122 774
122 786
122 797
123 141
123 144
123 216
123 224
123 237
123 270
123 313
123 349
123 363
123 408
123 409
123 416
123 419
123 420
123 456
123 470
123 511
123 526
123 570
123 633
123 667
123 668
123 682
123 685
123 687
123 718
123 724
123 779
123 783
124 134
124 207
124 293
124 300
124 310
124 322
124 412
124 496
124 501
124 526
124 618
124 620
124 628
124 740
124 747
124 760
124 764
124 783
124 798
125 158
125 184
125 197
125 223
125 235
125 267
125 278
125 326
125 388
125 401
125 432
125 437
125 440
125 445
125 449
125 457
125 477
125 498
125 514
125 526
125 540
125 622
125 662
125 792
126 139
126 164
126 212
126 220
126 335
126 415
126 513
126 523
126 554
126 583
126 616
126 619
126 645
126 687
126 696
126 710
126 735
126 752
127 217
127 237
127 282
127 290
127 295
127 420
127 474
127 475
127 511
127 599
127 615
127 663
127 680
127 731
127 774
128 137
128 153
128 197
128 271
128 341
128 352
128 386
128 408
128 471
128 488
128 495
128 533
128 535
128 556
128 591
128 731
128 763
128 766
129 176
129 178
129 179
129 206
129 230
129 272
129 301
129 323
129 349
129 355
129 368
129 391
129 454
129 499
129 503
129 541
129 573
129 613
129 719
129 751
129 767
129 768
129 788
130 141
130 215
130 236
130 243
130 288
130 290
130 301
130 315
130 326
130 331
130 369
130 437
130 493
130 591
130 612
130 622
130 701
130 798
131 156
131 184
131 240
131 333
131 365
131 464
131 469
131 492
131 528
131 560
131 579
131 582
131 594
131 596
131 612
131 630
131 650
131 705
132 144
132 189
132 201
132 206
132 212
132 250
132 281
132 285
132 291
132 301
132 343
132 387
132 420
132 461
132 468
132 471
132 489
132 509
132 521
132 565
132 643
132 673
132 700
132 708
132 768
132 785
132 791
132 792
133 163
133 186
133 209
133 214
133 238
133 345
133 349
133 363
133 401
133 431
133 496
133 531
133 579
133 598
133 667
133 683
133 708
133 728
133 729
133 742
133 744
133 781
134 135
134 145
134 168
134 230
134 251
134 309
134 310
134 373
134 424
134 429
134 441
134 463
134 502
134 614
134 699
134 701
134 720
135 139
135 144
135 173
135 196
135 202
135 227
135 232
135 239
135 347
135 436
135 511
135 528
135 532
135 670
135 744
135 767
135 777
135 795
136 139
136 220
136 272
136 282
136 301
136 302
136 306
136 323
136 399
136 445
136 452
136 473
136 527
136 577
136 614
136 668
136 686
136 688
136 710
136 718
136 752
136 776
136 786
137 150
137 163
137 175
137 200
137 229
137 285
137 359
137 418
137 445
137 448
137 453
137 454
137 476
137 499
137 508
137 540
137 570
137 640
137 649
137 652
137 662
137 792
137 797
138 154
138 198
138 239
138 297
138 367
138 399
138 406
138 425
138 466
138 517
138 529
138 612
138 654
138 730
138 731
138 736
138 737
138 743
138 783
139 148
139 184
139 200
139 228
139 235
139 244
139 290
139 336
139 345
139 348
139 349
139 377
139 499
139 532
139 557
139 629
139 672
139 680
139 730
139 743
139 749
139 776
139 796
140 159
140 171
140 210
140 261
140 374
140 401
140 426
140 441
140 465
140 526
140 571
140 607
140 609
140 666
140 684
140 706
140 751
140 779
141 191
141 213
141 217
141 239
141 272
141 284
141 311
141 312
141 318
141 319
141 322
141 327
141 348
141 359
141 363
141 402
141 411
141 437
141 449
141 480
141 488
141 500
141 507
141 561
141 568
141 717
141 734
141 742
141 770
141 773
142 188
142 200
142 210
142 263
142 273
142 291
142 329
142 332
142 349
142 351
142 374
142 407
142 434
142 454
142 482
142 488
142 491
142 523
142 535
142 546
142 558
142 565
142 580
142 589
142 641
142 644
142 651
143 228
143 232
143 286
143 306
143 339
143 438
143 472
143 487
143 505
143 557
143 565
143 571
143 655
143 684
143 692
143 743
143 747
143 749
143 750
143 784
143 788
143 792
143 796
144 210
144 235
144 237
144 271
144 319
144 355
144 390
144 420
144 452
144 503
144 526
144 705
144 725
144 746
144 771
145 199
145 227
145 277
145 303
145 415
145 545
145 583
145 629
145 648
145 654
145 658
145 732
145 777
146 163
146 408
146 487
146 489
146 498
146 505
146 533
146 550
146 621
146 633
146 646
146 664
146 691
146 701
146 723
146 780
146 798
147 209
147 216
147 227
147 244
147 262
147 267
147 345
147 352
147 358
147 428
147 439
147 452
147 514
147 538
147 540
147 543
147 570
147 637
147 645
147 650
147 701
147 727
147 737
147 781
148 175
148 184
148 228
148 246
148 268
148 270
148 315
148 326
148 366
148 442
148 490
148 543
148 560
148 579
148 723
148 771
148 784
149 163
149 177
149 233
149 259
149 281
149 351
149 359
149 371
149 391
149 421
149 435
149 441
149 512
149 643
149 655
149 714
149 760
149 767
150 303
150 323
150 328
150 335
150 336
150 343
150 344
150 374
150 402
150 445
150 451
150 490
150 537
150 540
150 573
150 612
150 672
150 700
150 728
150 767
150 778
150 781
150 794
151 177
151 205
151 224
151 257
151 263
151 300
151 314
151 319
151 365
151 452
151 464
151 499
151 539
151 724
151 735
151 747
151 752
151 792
152 209
152 216
152 217
152 241
152 354
152 356
152 400
152 509
152 520
152 543
152 548
152 612
152 668
152 696
152 714
153 167
153 215
153 218
153 260
153 306
153 462
153 481
153 508
153 530
153 542
153 588
153 595
153 600
153 634
153 659
153 748
153 797
154 208
154 268
154 296
154 328
154 353
154 379
154 411
154 424
154 425
154 430
154 569
154 614
154 639
154 678
154 697
154 699
154 708
154 735
155 174
155 249
155 294
155 323
155 336
155 365
155 445
155 496
155 499
155 533
155 556
155 577
155 590
155 647
155 715
155 718
155 746
156 201
156 206
156 218
156 375
156 440
156 443
156 445
156 452
156 478
156 488
156 495
156 536
156 585
156 618
156 631
156 649
156 698
157 180
157 251
157 258
157 299
157 416
157 554
157 560
157 624
157 659
157 675
157 692
157 703
157 722
157 760
157 773
157 774
157 798
158 162
158 187
158 247
158 248
158 297
158 334
158 351
158 377
158 395
158 465
158 543
158 562
158 625
158 664
158 681
158 703
158 725
158 752
159 193
159 302
159 328
159 350
159 388
159 404
159 405
159 408
159 421
159 428
159 440
159 486
159 514
159 557
159 634
159 649
159 651
159 761
159 787
160 253
160 327
160 404
160 436
160 438
160 439
160 518
160 563
160 565
160 566
160 609
160 615
160 645
160 708
160 745
160 759
161 190
161 232
161 266
161 307
161 394
161 406
161 417
161 471
161 493
161 547
161 578
161 580
161 592
161 599
161 623
161 635
161 698
161 710
161 751
161 773
161 786
162 173
162 192
162 234
162 252
162 277
162 308
162 412
162 415
162 527
162 530
162 534
162 660
162 754
163 242
163 256
163 271
163 352
163 366
163 428
163 440
163 489
163 517
163 526
163 528
163 572
163 673
163 678
163 731
163 745
163 756
163 774
164 184
164 250
164 277
164 308
164 378
164 420
164 494
164 533
164 597
164 641
164 679
164 681
164 750
164 753
165 167
165 174
165 227
165 231
165 242
165 306
165 321
165 454
165 469
165 526
165 552
165 559
165 577
165 627
165 702
165 796
166 169
166 215
166 223
166 269
166 374
166 375
166 463
166 464
166 489
166 520
166 562
166 589
166 616
166 620
166 625
166 656
166 709
167 262
167 266
167 370
167 411
167 492
167 493
167 508
167 520
167 682
167 739
167 772
168 209
168 217
168 262
168 271
168 284
168 368
168 373
168 398
168 403
168 424
168 468
168 526
168 559
168 574
168 595
168 628
168 642
168 668
168 699
168 767
168 771
168 775
168 795
169 176
169 197
169 231
169 339
169 365
169 367
169 398
169 471
169 606
169 640
169 641
169 670
169 679
169 743
169 765
169 775
169 789
170 177
170 200
170 206
170 221
170 261
170 293
170 301
170 314
170 339
170 342
170 379
170 424
170 446
170 516
170 586
170 599
170 625
170 671
170 691
170 721
170 762
170 783
171 175
171 232
171 315
171 369
171 393
171 410
171 464
171 503
171 582
171 596
171 613
171 640
171 715
171 757
171 777
171 782
171 785
172 201
172 227
172 357
172 360
172 374
172 382
172 383
172 424
172 444
172 448
172 495
172 498
172 517
172 786
172 794
172 797
173 192
173 240
173 294
173 307
173 339
173 368
173 369
173 404
173 414
173 417
173 429
173 449
173 513
173 539
173 573
173 670
173 682
173 686
173 703
173 725
173 748
173 758
173 774
174 220
174 244
174 320
174 338
174 381
174 398
174 407
174 455
174 470
174 514
174 533
174 543
174 566
174 585
174 622
174 720
174 741
174 756
174 780
174 790
175 214
175 237
175 264
175 269
175 318
175 322
175 372
175 419
175 446
175 450
175 487
175 591
175 664
175 751
175 772
175 783
175 785
176 194
176 195
176 198
176 233
176 239
176 298
176 323
176 336
176 351
176 367
176 386
176 457
176 486
176 493
176 498
176 512
176 609
176 665
176 696
176 702
176 705
176 708
176 770
176 798
177 297
177 327
177 375
177 382
177 491
177 515
177 585
177 634
177 710
177 747
177 765
177 784
178 191
178 233
178 256
178 259
178 277
178 332
178 341
178 349
178 368
178 377
178 459
178 469
178 496
178 503
178 510
178 516
178 525
178 577
178 611
178 626
178 706
179 184
179 190
179 250
179 275
179 301
179 348
179 368
179 392
179 424
179 431
179 437
179 495
179 496
179 552
179 562
179 583
179 589
179 607
179 614
179 624
179 680
179 721
179 722
179 741
179 785
180 192
180 236
180 242
180 304
180 339
180 408
180 413
180 417
180 439
180 522
180 601
180 655
180 668
180 673
180 675
180 679
180 685
180 709
180 785
181 212
181 213
181 288
181 310
181 319
181 333
181 447
181 506
181 573
181 650
181 665
181 720
181 723
181 784
182 184
182 196
182 202
182 205
182 247
182 250
182 264
182 306
182 352
182 360
182 375
182 389
182 408
182 472
182 510
182 531
182 541
182 597
182 604
182 705
182 716
182 719
182 736
182 749
182 757
182 762
182 782
183 335
183 400
183 434
183 454
183 465
183 477
183 503
183 533
183 603
183 624
183 664
183 672
183 786
184 191
184 242
184 263
184 279
184 302
184 303
184 330
184 356
184 382
184 462
184 463
184 476
184 523
184 544
184 556
184 568
184 595
184 610
184 643
184 657
184 686
184 704
184 739
184 796
185 213
185 214
185 274
185 276
185 286
185 347
185 368
185 392
185 408
185 410
185 431
185 434
185 528
185 603
185 629
185 719
185 724
185 745
185 771
185 780
186 261
186 316
186 420
186 426
186 484
186 521
186 539
186 553
186 556
186 644
186 694
186 701
186 756
186 788
187 189
187 190
187 220
187 310
187 391
187 392
187 449
187 501
187 502
187 522
187 544
187 557
187 569
187 585
187 588
187 633
187 670
188 196
188 231
188 232
188 245
188 249
188 340
188 372
188 439
188 441
188 458
188 464
188 477
188 507
188 579
188 581
188 610
188 646
188 654
188 706
188 789
189 193
189 223
189 230
189 264
189 274
189 286
189 332
189 348
189 371
189 410
189 509
189 567
189 645
189 673
189 682
189 688
189 721
189 734
189 736
189 768
189 796
189 799
190 195
190 211
190 227
190 309
190 391
190 409
190 431
190 455
190 485
190 495
190 568
190 581
190 656
190 661
190 662
190 698
190 729
190 738
190 739
190 750
190 782
191 210
191 257
191 276
191 289
191 384
191 390
191 406
191 415
191 454
191 480
191 486
191 514
191 518
191 528
191 587
191 614
191 642
191 650
191 667
191 684
192 231
192 237
192 260
192 442
192 490
192 505
192 515
192 517
192 526
192 530
192 531
192 536
192 586
192 617
192 640
192 647
192 741
193 227
193 234
193 323
193 341
193 362
193 407
193 412
193 422
193 433
193 453
193 469
193 496
193 510
193 532
193 555
193 708
193 755
193 763
193 768
193 794
194 237
194 257
194 284
194 327
194 345
194 365
194 370
194 509
194 539
194 602
194 746
194 758
194 759
194 773
194 775
195 200
195 339
195 412
195 431
195 436
195 498
195 536
195 633
195 651
195 666
195 672
195 748
195 755
195 762
195 768
195 778
196 244
196 245
196 248
196 249
196 273
196 301
196 307
196 340
196 355
196 363
196 410
196 416
196 420
196 424
196 453
196 559
196 560
196 590
196 605
196 621
196 718
196 737
196 743
196 749
197 199
197 208
197 233
197 262
197 291
197 325
197 359
197 360
197 457
197 470
197 510
197 518
197 539
197 568
197 760
197 775
197 783
198 209
198 233
198 254
198 298
198 316
198 317
198 323
198 376
198 390
198 403
198 501
198 514
198 566
198 571
198 575
198 690
198 750
198 752
199 209
199 212
199 226
199 290
199 331
199 338
199 356
199 369
199 371
199 375
199 404
199 442
199 490
199 609
199 664
199 676
199 719
199 798
200 201
200 314
200 349
200 457
200 527
200 577
200 589
200 608
200 652
200 683
200 739
200 743
201 227
201 248
201 265
201 276
201 350
201 369
201 396
201 429
201 496
201 536
201 566
201 585
201 613
201 626
201 684
201 689
201 710
201 771
202 261
202 271
202 281
202 283
202 321
202 432
202 516
202 565
202 607
202 634
202 648
202 674
202 738
202 768
202 785
202 787
203 217
203 222
203 251
203 274
203 315
203 327
203 347
203 395
203 417
203 425
203 477
203 483
203 549
203 592
203 631
203 635
203 675
203 739
203 772
203 781
204 248
204 269
204 300
204 360
204 401
204 426
204 496
204 537
204 542
204 622
204 658
204 682
204 704
204 712
204 722
204 724
204 737
204 757
204 782
205 220
205 247
205 266
205 282
205 287
205 375
205 421
205 428
205 445
205 507
205 549
205 637
205 678
205 703
205 731
205 774
205 793
206 261
206 303
206 325
206 431
206 566
206 573
206 637
206 652
206 655
206 686
206 702
206 742
206 766
206 777
206 785
207 249
207 266
207 268
207 280
207 306
207 357
207 431
207 522
207 525
207 593
207 748
207 774
207 778
208 221
208 231
208 276
208 315
208 339
208 349
208 369
208 425
208 430
208 497
208 534
208 642
208 697
208 706
208 761
208 788
209 223
209 246
209 247
209 296
209 298
209 405
209 457
209 459
209 485
209 490
209 500
209 529
209 559
209 596
209 621
209 642
209 649
209 702
209 704
209 744
209 755
210 230
210 235
210 244
210 259
210 284
210 288
210 367
210 422
210 440
210 457
210 487
210 562
210 563
210 679
210 703
210 737
210 752
210 761
210 784
211 236
211 261
211 270
211 284
211 322
211 348
211 353
211 400
211 415
211 416
211 418
211 446
211 497
211 567
211 576
211 579
211 621
211 622
211 671
211 738
211 748
212 295
212 298
212 358
212 389
212 393
212 435
212 469
212 514
212 519
212 568
212 570
212 587
212 633
212 641
212 697
212 725
212 732
213 224
213 305
213 429
213 518
213 533
213 535
213 548
213 557
213 622
213 672
213 685
213 687
213 706
213 716
213 726
213 740
213 789
214 263
214 272
214 281
214 294
214 311
214 369
214 418
214 447
214 471
214 501
214 571
214 600
214 667
214 677
214 710
214 731
215 365
215 439
215 484
215 530
215 556
215 566
215 569
215 623
215 640
215 660
215 672
215 675
215 772
216 244
216 329
216 462
216 505
216 509
216 522
216 531
216 572
216 624
216 690
216 729
216 732
216 741
217 267
217 344
217 425
217 474
217 497
217 501
217 521
217 580
217 585
217 615
217 650
217 755
217 784
217 790
217 799
218 350
218 446
218 565
218 567
218 571
218 601
218 614
218 641
218 648
218 711
218 724
218 754
218 775
219 235
219 238
219 259
219 265
219 288
219 311
219 319
219 328
219 340
219 361
219 369
219 396
219 407
219 409
219 414
219 420
219 431
219 461
219 466
219 531
219 619
219 629
219 675
219 720
219 735
219 757
219 762
220 249
220 258
220 314
220 324
220 325
220 327
220 335
220 342
220 347
220 355
220 417
220 484
220 496
220 507
220 560
220 601
220 627
220 628
220 630
220 649
220 723
220 740
220 759
220 791
221 262
221 295
221 328
221 363
221 380
221 384
221 396
221 459
221 489
221 495
221 514
221 616
221 642
221 643
221 651
221 675
221 731
221 793
222 245
222 255
222 263
222 324
222 356
222 404
222 428
222 458
222 510
222 534
222 537
222 538
222 551
222 592
222 603
222 607
222 615
222 619
222 626
222 640
222 653
222 775
222 776
222 780
223 270
223 277
223 285
223 302
223 376
223 435
223 466
223 477
223 506
223 537
223 561
223 571
223 579
223 610
223 615
223 707
223 772
224 232
224 261
224 272
224 279
224 280
224 295
224 321
224 443
224 445
224 462
224 571
224 601
224 629
224 634
224 636
224 744
224 787
224 792
225 228
225 244
225 250
225 265
225 282
225 371
225 402
225 421
225 451
225 492
225 531
225 536
225 539
225 547
225 560
225 564
225 568
225 580
225 596
225 606
225 618
225 626
225 645
225 715
225 757
225 767
226 241
226 265
226 280
226 305
226 319
226 347
226 348
226 349
226 386
226 450
226 476
226 526
226 603
226 661
226 676
227 234
227 258
227 259
227 269
227 292
227 351
227 429
227 435
227 484
227 526
227 551
227 576
227 618
227 680
227 757
227 787
227 793
228 366
228 390
228 398
228 457
228 492
228 551
228 590
228 722
228 724
228 751
229 243
229 328
229 346
229 374
229 425
229 481
229 537
229 612
229 700
229 778
230 274
230 285
230 325
230 357
230 402
230 478
230 574
230 586
230 616
230 684
230 701
230 738
230 750
230 791
231 250
231 297
231 302
231 588
231 596
231 640
231 657
231 753
232 256
232 283
232 297
232 321
232 322
232 361
232 377
232 443
232 454
232 510
232 533
232 547
232 596
232 600
232 635
232 639
232 681
232 722
232 742
233 276
233 286
233 315
233 329
233 355
233 424
233 426
233 435
233 456
233 479
233 496
233 525
233 640
233 753
233 796
234 267
234 283
234 373
234 381
234 401
234 549
234 578
234 617
234 672
234 686
234 754
235 237
235 246
235 309
235 363
235 383
235 397
235 420
235 422
235 451
235 455
235 480
235 481
235 528
235 575
235 600
235 601
235 764
235 770
235 772
235 779
235 787
236 304
236 429
236 441
236 450
236 479
236 482
236 503
236 523
236 589
236 596
236 620
236 653
236 693
236 781
236 782
237 245
237 264
237 312
237 364
237 366
237 383
237 446
237 450
237 472
237 565
237 612
237 627
237 699
237 718
237 724
237 745
237 770
237 789
238 256
238 268
238 314
238 401
238 548
238 594
238 595
238 634
238 664
238 689
238 691
238 732
238 753
238 766
239 247
239 264
239 270
239 279
239 289
239 318
239 321
239 387
239 508
239 630
239 638
239 643
239 660
239 755
239 768
239 779
240 267
240 270
240 301
240 321
240 376
240 405
240 410
240 417
240 454
240 481
240 495
240 570
240 578
240 582
240 605
240 618
240 686
240 725
240 759
241 258
241 269
241 310
241 358
241 398
241 425
241 463
241 481
241 492
241 548
241 602
241 603
241 714
242 255
242 259
242 287
242 364
242 406
242 435
242 482
242 522
242 531
242 544
242 658
242 679
242 708
242 773
242 785
242 792
243 249
243 274
243 294
243 307
243 340
243 356
243 381
243 475
243 503
243 556
243 574
243 596
243 597
243 599
243 606
243 613
243 623
243 635
243 679
243 698
243 708
243 721
243 792
243 799
244 264
244 265
244 276
244 287
244 356
244 460
244 481
244 493
244 507
244 511
244 559
244 585
244 635
244 642
244 644
244 681
244 749
244 784
244 786
245 289
245 332
245 374
245 379
245 382
245 443
245 466
245 526
245 566
245 641
245 653
245 672
245 700
245 705
245 715
245 768
245 771
246 324
246 370
246 402
246 424
246 457
246 461
246 473
246 559
246 563
246 572
246 576
246 583
246 596
246 616
246 639
246 704
247 269
247 298
247 299
247 314
247 330
247 333
247 373
247 430
247 484
247 538
247 595
247 624
247 625
247 638
247 640
247 644
247 654
247 681
247 716
247 741
247 756
247 788
247 791
248 305
248 307
248 357
248 370
248 398
248 445
248 451
248 512
248 574
248 587
248 611
248 633
248 718
248 756
248 759
249 385
249 430
249 459
249 470
249 504
249 536
249 559
249 562
249 581
249 585
249 602
249 647
249 648
249 650
249 662
249 677
249 729
249 762
249 783
250 259
250 305
250 382
250 413
250 433
250 528
250 634
250 636
250 662
250 668
250 669
250 688
250 746
250 778
251 256
251 270
251 281
251 315
251 368
251 390
251 417
251 468
251 496
251 500
251 545
251 584
251 586
251 609
251 626
251 729
251 732
251 744
251 753
252 271
252 295
252 330
252 334
252 349
252 368
252 420
252 447
252 482
252 568
252 610
252 643
252 645
252 668
252 688
252 691
252 700
252 711
252 726
252 734
252 744
252 752
252 776
252 784
253 274
253 308
253 320
253 329
253 333
253 380
253 447
253 479
253 486
253 543
253 548
253 574
253 590
253 602
253 603
253 688
253 738
253 796
253 797
254 259
254 261
254 281
254 288
254 303
254 336
254 349
254 422
254 423
254 475
254 479
254 520
254 525
254 562
254 563
254 574
254 579
254 600
254 607
254 622
254 640
254 713
254 792
255 359
255 378
255 403
255 573
255 580
255 608
255 659
255 676
255 704
255 777
255 790
256 258
256 260
256 284
256 320
256 325
256 330
256 409
256 459
256 510
256 519
256 527
256 528
256 540
256 622
256 643
256 653
256 784
256 797
257 292
257 294
257 349
257 354
257 383
257 457
257 472
257 492
257 550
257 553
257 589
257 642
257 657
257 793
258 289
258 308
258 339
258 368
258 384
258 400
258 498
258 554
258 579
258 584
258 658
258 718
258 719
258 723
258 735
258 754
258 757
258 766
259 264
259 267
259 279
259 294
259 307
259 312
259 333
259 351
259 365
259 369
259 529
259 572
259 580
259 592
259 610
259 612
259 624
259 655
259 759
259 768
260 296
260 299
260 374
260 470
260 489
260 490
260 493
260 569
260 599
260 602
260 617
260 620
260 649
260 652
260 738
260 769
260 795
261 307
261 497
261 505
261 540
261 547
261 566
261 572
261 581
261 602
261 613
261 642
261 675
261 702
261 792
262 274
262 322
262 351
262 356
262 370
262 418
262 454
262 480
262 494
262 523
262 549
262 599
262 638
262 694
262 720
262 737
262 777
263 288
263 340
263 360
263 366
263 384
263 400
263 432
263 454
263 541
263 559
263 573
263 589
263 590
263 595
263 596
263 607
263 608
263 620
263 622
263 658
263 674
263 680
263 731
263 736
263 766
264 271
264 344
264 353
264 365
264 386
264 416
264 463
264 533
264 642
264 661
264 663
264 674
264 711
264 771
265 270
265 341
265 358
265 407
265 438
265 441
265 472
265 492
265 558
265 582
265 586
265 588
265 625
265 638
265 672
265 676
266 278
266 300
266 303
266 338
266 373
266 436
266 458
266 482
266 511
266 607
266 670
266 690
266 735
266 764
266 775
267 293
267 298
267 388
267 397
267 457
267 508
267 586
267 609
267 691
267 726
267 729
267 742
267 752
267 789
267 798
268 274
268 295
268 329
268 379
268 385
268 501
268 503
268 529
268 531
268 550
268 557
268 600
268 608
268 617
268 659
268 663
268 700
268 724
268 753
268 776
269 292
269 335
269 379
269 382
269 402
269 429
269 438
269 444
269 531
269 566
269 568
269 570
269 575
269 629
269 640
269 790
270 348
270 357
270 449
270 453
270 487
270 489
270 550
270 554
270 643
270 690
270 770
270 787
270 793
271 274
271 290
271 317
271 350
271 388
271 409
271 476
271 558
271 592
271 649
271 665
271 696
271 727
271 747
271 748
271 799
272 276
272 288
272 342
272 414
272 468
272 481
272 484
272 488
272 507
272 508
272 568
272 582
272 617
272 636
272 711
272 714
272 743
272 763
272 778
273 303
273 307
273 338
273 353
273 374
273 394
273 397
273 403
273 434
273 495
273 526
273 626
273 682
273 724
273 742
273 747
273 748
273 751
274 303
274 346
274 417
274 420
274 429
274 479
274 520
274 532
274 551
274 590
274 656
274 702
274 726
274 748
274 778
275 283
275 306
275 335
275 360
275 405
275 425
275 459
275 569
275 570
275 599
275 612
275 616
275 620
275 634
275 642
275 667
275 711
275 765
276 290
276 317
276 324
276 344
276 388
276 437
276 558
276 585
276 605
276 613
276 622
276 693
276 695
276 730
276 783
276 794
277 321
277 393
277 407
277 491
277 542
277 560
277 622
277 623
277 624
277 630
277 645
277 673
277 733
277 768
277 793
278 294
278 306
278 308
278 357
278 359
278 476
278 510
278 530
278 535
278 560
278 562
278 575
278 580
278 593
278 605
278 631
278 640
278 643
278 658
278 685
279 311
279 342
279 351
279 372
279 565
279 588
279 592
279 667
279 677
279 697
280 289
280 331
280 360
280 365
280 377
280 469
280 473
280 544
280 553
280 590
280 617
280 711
280 714
280 719
280 773
281 287
281 370
281 446
281 520
281 523
281 538
281 560
281 561
281 692
281 698
281 783
282 286
282 294
282 342
282 355
282 398
282 425
282 478
282 480
282 484
282 487
282 509
282 528
282 534
282 549
282 571
282 621
282 641
282 646
282 665
282 682
282 683
282 714
282 730
282 775
282 778
283 303
283 346
283 408
283 437
283 440
283 452
283 535
283 565
283 590
283 644
283 730
283 748
283 794
284 315
284 341
284 353
284 357
284 383
284 385
284 393
284 479
284 531
284 565
284 595
284 780
284 785
285 293
285 311
285 363
285 374
285 388
285 400
285 480
285 533
285 561
285 676
285 742
285 769
285 791
286 300
286 406
286 413
286 442
286 454
286 470
286 503
286 546
286 563
286 626
286 649
286 651
286 696
286 792
287 293
287 315
287 319
287 389
287 421
287 439
287 478
287 479
287 505
287 527
287 554
287 586
287 587
287 598
287 683
287 688
287 698
287 704
287 735
287 745
287 750
287 756
287 792
288 322
288 341
288 353
288 381
288 422
288 442
288 450
288 482
288 498
288 517
288 524
288 578
288 604
288 615
288 662
288 670
288 709
288 724
288 725
289 295
289 310
289 341
289 385
289 403
289 404
289 422
289 472
289 481
289 497
289 533
289 540
289 571
289 593
289 619
289 621
289 646
289 670
289 711
289 734
289 742
289 757
289 792
290 329
290 350
290 372
290 409
290 433
290 537
290 542
290 555
290 557
290 572
290 611
290 624
290 629
290 652
290 755
291 297
291 377
291 403
291 451
291 495
291 549
291 624
291 627
291 628
291 634
291 749
291 778
292 298
292 442
292 510
292 527
292 571
292 576
292 586
292 594
292 600
292 620
292 739
292 768
292 770
292 779
293 294
293 298
293 353
293 373
293 404
293 427
293 436
293 455
293 521
293 529
293 557
293 630
293 647
293 661
293 670
293 687
293 692
293 795
294 345
294 408
294 423
294 448
294 452
294 483
294 504
294 587
294 675
294 758
295 312
295 347
295 357
295 432
295 435
295 478
295 498
295 670
295 674
295 738
295 765
295 783
296 402
296 462
296 521
296 706
296 713
296 780
297 303
297 313
297 418
297 455
297 466
297 492
297 517
297 546
297 614
297 640
297 656
297 664
297 698
297 710
297 722
297 726
297 754
297 787
298 309
298 315
298 350
298 370
298 414
298 422
298 468
298 478
298 525
298 582
298 597
298 649
298 704
298 720
298 741
298 768
298 771
299 318
299 327
299 349
299 353
299 458
299 497
299 539
299 561
299 565
299 658
299 712
299 738
299 747
300 319
300 403
300 428
300 454
300 476
300 480
300 483
300 505
300 557
300 564
300 679
300 708
300 725
300 729
300 763
300 772
300 779
300 793
301 333
301 397
301 406
301 411
301 449
301 611
301 729
301 790
302 334
302 340
302 376
302 427
302 463
302 487
302 539
302 575
302 617
302 627
302 680
302 696
302 698
302 725
303 324
303 333
303 363
303 377
303 423
303 452
303 500
303 501
303 513
303 539
303 658
303 659
303 676
303 689
303 712
303 731
303 755
303 782
304 395
304 601
304 625
304 632
304 648
304 680
304 692
304 693
304 699
304 718
304 766
304 774
304 789
305 319
305 337
305 372
305 409
305 419
305 463
305 505
305 519
305 534
305 577
305 607
305 609
305 680
305 691
305 701
306 360
306 399
306 411
306 456
306 469
306 471
306 570
306 573
306 585
306 623
306 664
306 706
307 312
307 325
307 334
307 364
307 414
307 424
307 467
307 483
307 508
307 639
307 649
307 673
307 681
307 703
307 707
307 722
307 771
307 783
308 309
308 344
308 358
308 369
308 380
308 407
308 423
308 567
308 595
308 635
308 637
308 781
308 789
309 357
309 370
309 406
309 429
309 436
309 452
309 493
309 556
309 567
309 641
309 685
309 718
309 739
310 366
310 383
310 385
310 441
310 564
310 622
310 645
310 731
310 742
310 765
311 340
311 396
311 436
311 470
311 482
311 513
311 540
311 547
311 548
311 557
311 623
311 660
311 673
311 704
311 745
312 319
312 327
312 343
312 390
312 415
312 430
312 431
312 446
312 456
312 537
312 543
312 592
312 638
312 643
312 705
312 707
312 779
312 780
312 782
313 340
313 371
313 372
313 437
313 441
313 456
313 469
313 498
313 742
313 760
313 784
313 797
314 353
314 382
314 440
314 441
314 457
314 488
314 537
314 563
314 574
314 584
314 585
314 595
314 698
314 703
314 738
314 756
314 765
314 795
314 797
315 328
315 342
315 355
315 383
315 391
315 460
315 475
315 505
315 517
315 543
315 658
315 670
315 671
315 701
315 711
315 718
315 740
315 768
315 777
315 797
316 318
316 330
316 412
316 415
316 425
316 439
316 504
316 556
316 582
316 594
316 596
316 610
316 618
316 628
316 669
316 697
316 718
316 752
316 758
316 769
316 771
316 774
316 780
317 335
317 406
317 433
317 493
317 601
317 638
317 731
317 786
317 798
318 351
318 375
318 376
318 450
318 453
318 473
318 485
318 608
318 646
318 703
318 722
318 745
318 764
318 769
319 421
319 465
319 487
319 492
319 496
319 515
319 533
319 559
319 566
319 567
319 568
319 572
319 692
319 756
320 355
320 402
320 420
320 433
320 512
320 514
320 540
320 548
320 566
320 605
320 607
320 627
320 698
320 733
320 735
321 322
321 340
321 372
321 381
321 415
321 438
321 457
321 464
321 476
321 503
321 541
321 562
321 612
321 635
321 643
321 735
321 787
321 798
322 376
322 393
322 433
322 443
322 453
322 468
322 502
322 504
322 505
322 514
322 555
322 562
322 583
322 664
322 691
322 706
322 720
322 721
322 723
322 765
323 332
323 384
323 410
323 452
323 549
323 580
323 681
323 720
323 760
323 762
323 766
323 773
323 789
324 327
324 421
324 427
324 490
324 591
324 623
324 633
324 667
324 695
324 697
324 720
324 722
324 739
324 748
324 785
325 331
325 382
325 403
325 430
325 443
325 463
325 468
325 501
325 581
325 597
325 691
325 703
326 347
326 369
326 389
326 413
326 417
326 419
326 470
326 478
326 482
326 491
326 499
326 522
326 553
326 567
326 573
326 577
326 598
326 645
326 650
326 759
326 769
327 395
327 435
327 436
327 521
327 533
327 556
327 593
327 633
327 659
327 669
327 674
327 696
327 719
327 734
327 740
328 335
328 358
328 396
328 421
328 422
328 451
328 485
328 542
328 559
328 573
328 577
328 595
328 613
328 627
328 636
328 668
328 730
328 765
328 766
328 779
328 795
329 384
329 423
329 481
329 506
329 536
329 561
329 568
329 578
329 589
329 592
329 598
329 615
329 657
329 666
329 673
329 762
329 774
329 789
330 402
330 439
330 449
330 458
330 531
330 546
330 626
330 669
330 704
330 713
330 717
330 785
331 332
331 362
331 365
331 366
331 404
331 538
331 598
331 670
331 678
331 706
331 708
331 781
331 794
332 345
332 362
332 372
332 424
332 429
332 485
332 534
332 657
332 711
332 743
332 783
332 784
332 792
333 337
333 408
333 409
333 435
333 477
333 487
333 518
333 551
333 571
333 590
333 629
333 708
333 730
334 367
334 382
334 505
334 554
334 601
334 681
334 713
334 769
334 774
334 785
334 799
335 364
335 375
335 378
335 410
335 431
335 450
335 468
335 507
335 527
335 558
335 580
335 612
335 618
335 677
335 742
335 747
335 778
336 403
336 420
336 433
336 444
336 472
336 487
336 513
336 549
336 559
336 670
336 671
336 694
336 787
337 387
337 431
337 472
337 475
337 506
337 645
337 664
337 765
337 768
338 457
338 507
338 520
338 524
338 530
338 559
338 592
338 601
338 617
338 631
338 641
338 644
338 724
339 349
339 365
339 387
339 419
339 477
339 489
339 510
339 679
339 685
339 709
339 758
340 352
340 355
340 409
340 439
340 464
340 500
340 537
340 562
340 672
340 675
340 757
341 379
341 415
341 443
341 538
341 551
341 552
341 607
341 667
341 694
341 695
341 715
341 752
341 771
341 789
342 349
342 440
342 455
342 505
342 520
342 581
342 595
342 597
342 598
342 636
342 643
342 662
342 722
342 793
342 796
343 366
343 461
343 488
343 517
343 518
343 537
343 547
343 558
343 644
343 653
343 728
343 783
343 789
344 350
344 452
344 456
344 563
344 593
344 659
344 669
344 701
344 765
344 799
345 379
345 388
345 420
345 421
345 476
345 533
345 589
345 595
345 622
345 629
345 642
345 696
345 716
345 724
345 766
345 770
346 452
346 490
346 530
346 537
346 571
346 609
346 614
346 667
346 694
346 713
347 373
347 406
347 413
347 479
347 482
347 512
347 524
347 550
347 555
347 556
347 566
347 567
347 573
347 708
347 709
347 727
347 730
347 779
348 400
348 477
348 512
348 528
348 551
348 608
348 622
348 640
348 708
348 740
348 741
348 764
348 797
348 798
349 368
349 382
349 437
349 455
349 458
349 474
349 490
349 525
349 529
349 562
349 624
349 626
349 667
350 351
350 360
350 404
350 527
350 559
350 615
350 658
350 687
350 694
350 696
350 735
350 793
351 441
351 495
351 514
351 522
351 523
351 539
351 559
351 622
351 683
351 718
351 751
351 757
351 783
352 355
352 391
352 393
352 428
352 443
352 545
352 563
352 603
352 625
352 651
352 655
352 657
352 658
352 674
352 685
352 774
352 786
353 417
353 474
353 588
353 593
353 616
353 632
353 667
353 673
353 692
353 699
353 713
353 732
353 782
354 371
354 445
354 512
354 572
354 586
354 591
354 609
354 654
354 667
354 675
354 727
354 747
354 776
355 366
355 374
355 415
355 424
355 455
355 456
355 511
355 580
355 594
355 620
355 751
355 793
356 363
356 467
356 524
356 546
356 617
356 667
356 671
356 687
356 701
356 716
356 759
356 769
357 365
357 400
357 417
357 426
357 428
357 497
357 505
357 525
357 533
357 554
357 625
357 644
357 692
357 751
357 753
358 360
358 380
358 384
358 412
358 451
358 480
358 534
358 564
358 622
358 655
358 671
358 714
358 720
358 777
358 781
359 417
359 442
359 503
359 517
359 545
359 554
359 563
359 576
359 597
359 598
359 617
359 739
359 753
359 798
360 364
360 366
360 435
360 463
360 475
360 521
360 531
360 533
360 569
360 574
360 575
360 581
360 636
360 670
360 686
360 768
360 774
360 799
361 366
361 373
361 400
361 405
361 475
361 530
361 574
361 599
361 634
361 704
362 367
362 451
362 475
362 516
362 535
362 549
362 591
362 598
362 612
362 626
362 694
362 705
362 722
362 740
362 793
363 385
363 451
363 508
363 541
363 616
363 727
363 732
363 778
363 794
364 365
364 384
364 432
364 466
364 473
364 553
364 566
364 651
364 652
364 709
364 714
364 722
364 760
364 789
365 380
365 416
365 471
365 567
365 591
365 614
365 627
365 673
365 690
365 734
365 737
365 740
365 792
366 386
366 461
366 487
366 513
366 518
366 523
366 566
366 603
366 657
366 684
366 698
366 706
366 712
366 720
366 753
366 762
367 400
367 407
367 421
367 461
367 489
367 497
367 564
367 622
367 661
367 718
367 736
367 743
367 747
367 757
367 765
367 778
368 375
368 387
368 394
368 432
368 484
368 485
368 511
368 539
368 561
368 578
368 586
368 606
369 426
369 428
369 441
369 473
369 503
369 526
369 543
369 557
369 558
369 582
369 586
369 594
369 673
369 738
369 741
369 755
369 788
370 387
370 432
370 450
370 487
370 533
370 557
370 568
370 588
370 603
370 644
370 702
370 728
370 772
371 416
371 419
371 451
371 458
371 468
371 481
371 566
371 569
371 571
371 705
371 708
371 745
372 398
372 443
372 527
372 569
372 648
372 653
372 698
372 763
373 532
373 544
373 619
373 647
373 721
373 723
373 738
373 757
374 436
374 455
374 458
374 481
374 496
374 582
374 587
374 603
374 619
374 630
374 636
374 653
374 699
374 734
374 741
374 744
374 780
374 794
375 415
375 425
375 451
375 467
375 475
375 485
375 504
375 508
375 519
375 545
375 572
375 593
375 646
375 696
375 702
375 704
375 722
375 733
375 756
375 765
376 387
376 430
376 489
376 508
376 543
376 605
376 613
376 622
376 632
376 647
376 648
376 680
376 696
376 716
376 751
376 778
376 790
377 382
377 385
377 428
377 480
377 499
377 512
377 596
377 614
377 619
377 625
377 710
377 740
377 771
378 399
378 406
378 466
378 507
378 546
378 566
378 605
378 658
378 771
378 773
378 784
379 395
379 465
379 490
379 513
379 535
379 562
379 636
379 658
379 665
379 672
379 676
380 392
380 713
381 398
381 485
381 534
381 553
381 570
381 575
381 623
381 649
381 679
381 710
381 751
381 799
382 410
382 426
382 429
382 473
382 548
382 554
382 624
382 638
382 648
382 688
382 724
382 747
383 394
383 404
383 448
383 458
383 489
383 493
383 566
383 621
383 658
383 669
383 670
383 710
383 718
383 760
383 791
384 385
384 396
384 427
384 458
384 530
384 552
384 603
384 643
384 672
384 773
384 788
384 792
385 418
385 455
385 462
385 481
385 495
385 513
385 519
385 590
385 592
385 614
385 617
385 627
385 746
386 403
386 425
386 465
386 469
386 481
386 483
386 543
386 549
386 557
386 571
386 572
386 614
386 651
386 663
386 665
386 698
386 791
387 408
387 420
387 422
387 458
387 484
387 496
387 573
387 580
387 609
387 637
387 651
387 658
387 665
387 706
387 728
388 419
388 462
388 480
388 506
388 522
388 640
388 691
388 757
388 788
388 798
389 390
389 492
389 500
389 542
390 404
390 422
390 436
390 541
390 548
390 669
390 670
390 688
390 719
390 750
391 410
391 462
391 493
391 539
391 542
391 590
391 598
391 643
391 728
391 792
392 472
392 519
392 543
392 564
392 585
392 595
392 619
392 727
392 739
392 778
393 422
393 448
393 535
393 539
393 594
393 612
393 682
393 770
393 798
394 408
394 443
394 448
394 477
394 504
394 520
394 524
394 531
394 543
394 546
394 629
394 693
394 758
394 782
395 439
395 447
395 481
395 504
395 610
395 759
395 770
395 780
395 785
396 434
396 448
396 501
396 591
396 646
396 717
396 727
396 736
396 771
396 773
397 436
397 532
397 554
397 573
397 609
397 650
397 683
397 715
397 723
397 726
398 401
398 476
398 630
398 665
398 764
398 791
399 443
399 494
399 534
399 550
399 568
399 599
399 643
399 654
399 694
399 721
399 727
399 769
400 429
400 478
400 505
400 515
400 523
400 551
400 584
400 591
400 592
400 622
400 647
400 663
400 679
400 712
400 718
400 747
400 759
400 762
401 413
401 431
401 472
401 478
401 539
401 618
401 626
401 651
401 710
401 719
401 765
401 784
402 408
402 412
402 441
402 539
402 551
402 573
402 581
402 629
402 644
402 648
403 408
403 482
403 494
403 543
403 569
403 589
403 613
403 647
403 649
403 657
403 663
403 685
403 736
403 739
403 784
404 481
404 502
404 531
404 554
404 617
404 685
404 705
404 720
404 731
404 735
404 778
405 416
405 461
405 481
405 482
405 513
405 552
405 571
405 597
405 642
405 688
405 727
405 768
406 477
406 510
406 556
406 628
406 662
406 671
406 755
406 758
406 766
406 774
407 411
407 423
407 494
407 500
407 522
407 524
407 560
407 567
407 615
407 693
407 759
407 775
407 797
408 421
408 442
408 464
408 469
408 489
408 495
408 501
408 527
408 637
408 648
408 677
408 733
408 753
408 787
408 791
409 449
409 483
409 591
409 603
409 689
409 722
409 739
409 767
409 778
410 418
410 428
410 436
410 475
410 477
410 583
410 588
410 595
410 607
410 618
410 673
410 690
410 694
410 725
410 730
410 785
411 444
411 481
411 532
411 537
411 586
411 618
411 665
411 721
411 755
411 764
411 765
411 780
412 464
412 467
412 494
412 511
412 540
412 601
412 627
412 652
412 740
412 773
413 420
413 423
413 430
413 444
413 446
413 501
413 567
413 611
413 613
413 622
413 642
413 656
413 662
413 683
413 775
414 420
414 444
414 473
414 504
414 554
414 678
414 718
414 725
414 730
414 767
415 460
415 481
415 488
415 497
415 543
415 599
415 601
415 619
415 629
415 678
415 705
415 767
415 776
415 794
416 427
416 459
416 516
416 551
416 583
416 589
416 593
416 605
416 610
416 665
416 677
416 706
416 718
416 749
416 752
417 422
417 434
417 471
417 522
417 524
417 542
417 571
417 580
417 590
417 668
417 712
417 782
418 420
418 421
418 477
418 501
418 502
418 512
418 539
418 608
418 616
418 617
418 619
418 620
418 642
418 646
418 666
418 732
418 739
418 740
418 749
418 764
418 782
418 787
419 421
419 461
419 467
419 483
419 495
419 592
419 611
419 643
419 698
419 745
419 763
419 767
419 770
420 427
420 436
420 448
420 475
420 520
420 550
420 596
420 663
420 710
420 747
420 779
420 781
421 439
421 485
421 510
421 629
421 682
421 687
421 773
421 786
421 788
422 442
422 454
422 466
422 517
422 528
422 537
422 582
422 644
422 660
422 695
422 774
423 471
423 557
423 613
423 623
423 649
423 660
423 711
423 756
423 777
424 430
424 454
424 539
424 617
424 653
424 731
425 439
425 440
425 447
425 489
425 524
425 564
425 566
425 594
425 635
425 637
425 646
425 673
425 692
425 721
426 480
426 520
426 522
426 547
426 565
426 590
426 606
426 610
426 631
426 649
426 653
426 695
426 709
426 723
426 724
426 764
427 483
427 517
427 520
427 570
427 579
427 689
427 704
427 775
427 780
428 432
428 492
428 558
428 602
428 618
428 632
428 659
428 663
428 708
428 746
429 492
429 545
429 678
429 703
429 725
429 736
429 747
429 791
429 792
430 522
430 569
430 600
430 606
430 613
430 623
430 630
430 645
430 676
430 677
430 740
430 748
431 513
431 514
431 541
431 647
431 653
431 689
431 775
431 798
432 444
432 453
432 475
432 487
432 493
432 535
432 539
432 613
432 643
432 666
432 720
433 444
433 472
433 481
433 482
433 503
433 522
433 523
433 524
433 527
433 529
433 531
433 544
433 610
433 641
433 651
433 704
433 726
433 782
433 799
434 450
434 481
434 549
434 558
434 569
434 583
434 636
434 730
434 754
434 756
434 778
434 783
435 476
435 487
435 510
435 549
435 561
435 604
435 636
435 656
435 691
435 717
435 779
436 564
436 572
436 595
436 657
436 773
436 774
436 791
437 442
437 451
437 457
437 489
437 517
437 579
437 601
437 628
437 659
437 764
438 491
438 510
438 512
438 569
438 573
438 595
438 622
438 659
438 717
438 754
439 442
439 447
439 485
439 512
439 596
439 641
439 654
439 692
439 723
440 453
440 484
440 516
440 539
440 545
440 553
440 611
440 625
440 645
440 702
440 703
440 714
440 725
440 778
441 467
441 503
441 520
441 549
441 555
441 563
441 618
441 646
441 659
441 723
442 446
442 466
442 490
442 502
442 512
442 570
442 582
442 599
442 618
442 640
442 665
442 682
442 703
442 775
443 467
443 521
443 523
443 555
443 565
443 594
443 615
443 701
443 716
443 728
443 745
443 797
444 450
444 533
444 571
444 608
444 658
444 732
444 735
444 765
444 768
444 791
444 795
445 460
445 619
445 646
445 679
445 684
445 704
445 712
445 722
445 760
445 785
446 480
446 485
446 561
446 596
446 650
446 745
446 767
446 789
446 792
447 512
447 566
447 652
447 661
447 663
447 683
447 692
447 710
447 757
447 791
448 592
448 611
448 618
448 707
448 708
448 720
448 722
448 748
448 771
448 788
449 464
449 509
449 510
449 724
449 749
449 781
450 463
450 511
450 519
450 520
450 588
450 599
450 624
450 655
450 692
450 701
450 739
450 742
450 773
451 498
451 552
451 557
451 605
451 631
451 644
451 677
451 692
451 698
451 739
452 529
452 564
452 567
452 575
452 579
452 590
452 637
452 772
453 467
453 469
453 485
453 490
453 525
453 529
453 531
453 540
453 546
453 563
453 650
453 665
453 695
453 733
453 798
454 457
454 481
454 489
454 509
454 545
454 578
454 607
454 615
454 623
454 682
454 735
454 736
454 750
454 775
454 795
455 484
455 502
455 519
455 565
455 641
455 649
455 666
455 670
455 711
455 723
455 760
456 500
456 520
456 532
456 543
456 559
456 570
456 588
456 604
456 636
456 654
456 681
456 684
456 712
456 713
456 716
456 758
456 796
457 545
457 572
457 576
457 622
457 624
457 704
457 739
457 749
458 500
458 623
458 632
458 678
458 696
458 720
458 796
459 476
459 582
459 588
459 654
459 670
459 706
459 758
459 782
459 798
460 467
460 485
460 486
460 530
460 545
460 581
460 595
460 613
460 616
460 649
460 687
460 693
460 699
460 739
461 462
461 484
461 490
461 493
461 535
461 584
461 590
461 603
461 610
461 615
461 656
461 725
461 726
461 783
462 467
462 483
462 517
462 556
462 657
462 666
462 678
462 721
462 736
462 783
462 791
463 513
463 516
463 552
463 559
463 571
463 589
463 612
463 617
463 622
463 708
463 742
463 762
463 769
463 794
464 483
464 492
464 566
464 603
464 622
464 631
464 676
464 717
464 755
464 775
465 484
465 515
465 659
465 728
465 744
465 755
465 764
465 767
465 778
466 493
466 504
466 582
466 585
466 586
466 595
466 639
466 694
467 489
467 511
467 557
467 620
467 667
467 669
467 686
467 720
467 790
467 796
468 475
468 487
468 497
468 527
468 568
468 585
468 589
468 611
468 674
468 711
468 762
469 481
469 483
469 497
469 504
469 551
469 561
469 587
469 592
469 619
469 631
469 651
469 654
469 681
469 698
469 719
469 727
469 760
469 771
469 785
469 791
469 796
470 510
470 518
470 544
470 546
470 572
470 578
470 616
470 618
470 620
470 639
470 662
470 665
470 670
470 693
470 757
470 796
471 511
471 518
471 600
471 607
471 654
472 636
472 690
472 700
472 741
472 797
473 581
473 583
473 587
473 654
473 677
473 680
473 688
473 734
473 755
473 792
474 486
474 499
474 503
474 581
474 585
474 612
474 675
474 684
474 739
475 510
475 518
475 537
475 553
475 568
475 594
475 596
475 597
475 611
475 622
475 632
475 636
475 642
475 668
475 768
475 786
475 794
476 486
476 585
476 631
476 649
476 696
476 788
476 799
477 658
477 674
477 677
477 701
477 767
477 769
477 797
478 498
478 536
478 563
478 578
478 613
478 625
478 697
478 738
478 740
478 741
479 594
479 645
479 672
479 705
479 767
479 780
480 481
480 500
480 543
480 557
480 666
480 675
480 679
480 686
480 720
480 727
480 776
480 777
481 483
481 486
481 537
481 542
481 618
481 667
481 680
481 689
481 704
481 734
481 747
481 752
481 758
481 776
481 778
482 554
482 567
482 584
482 590
482 646
482 649
482 735
482 754
483 509
483 515
483 545
483 550
483 667
483 683
483 723
484 488
484 530
484 551
484 706
484 728
484 741
485 510
485 531
485 572
485 624
485 639
485 640
485 679
485 683
485 733
485 776
486 589
486 612
486 618
486 704
486 713
486 717
486 742
487 519
487 558
487 644
487 663
487 679
487 699
488 555
488 558
488 576
488 668
488 699
489 510
489 537
489 657
489 677
489 722
489 776
489 779
490 509
490 515
490 550
490 592
490 694
490 729
491 492
491 541
491 544
491 548
491 560
491 571
491 579
491 682
491 710
491 729
491 746
491 770
492 495
492 588
492 619
492 699
492 793
493 504
493 768
493 793
494 573
494 578
494 612
494 708
494 722
494 738
494 779
495 523
495 538
495 547
495 589
495 632
495 652
495 671
495 673
495 699
495 705
495 709
495 737
495 766
495 792
495 795
496 505
496 521
496 579
496 647
496 681
496 748
496 785
496 798
497 502
497 550
497 579
497 609
497 681
497 688
497 736
497 753
497 774
498 526
498 624
498 684
498 754
498 779
499 511
499 562
499 594
499 609
499 611
499 699
499 753
499 756
500 606
500 652
500 679
500 710
500 749
500 756
500 795
501 576
501 582
501 610
501 658
501 682
501 684
501 702
501 711
501 716
501 769
502 546
502 564
502 571
502 628
502 637
502 703
502 752
502 767
502 771
502 777
503 542
503 547
503 595
503 620
503 624
503 625
503 679
503 700
503 784
504 530
504 591
504 628
504 638
504 712
504 755
505 588
505 593
505 608
505 613
505 672
505 686
505 726
505 754
505 769
506 515
506 534
506 562
506 588
506 629
506 633
506 734
506 737
506 750
506 775
507 559
507 561
507 567
507 570
507 590
507 634
507 736
507 796
508 527
508 570
508 595
508 717
508 745
509 520
509 564
509 727
509 753
509 783
510 524
510 595
510 622
510 626
510 633
510 660
510 670
510 711
510 719
510 724
510 756
510 799
511 526
511 587
511 596
511 659
511 674
511 706
511 713
511 747
512 581
512 690
512 716
512 741
512 765
513 524
513 538
513 550
513 653
513 656
513 668
513 670
513 681
514 523
514 526
514 669
514 783
515 536
515 538
515 564
515 565
515 567
515 570
515 604
515 630
515 683
515 714
515 746
515 751
516 565
516 577
516 618
516 638
516 719
516 727
516 739
516 740
516 768
517 576
517 584
517 613
517 649
517 698
517 708
517 760
517 767
517 776
518 552
518 594
518 608
518 633
518 654
518 689
518 705
518 725
518 752
518 795
519 548
519 579
519 583
519 704
519 705
519 720
519 736
519 792
520 602
520 653
520 666
520 700
520 735
520 769
520 772
520 776
520 797
521 574
521 652
521 679
521 706
521 755
522 555
522 606
522 608
522 666
522 687
522 698
522 702
522 768
523 524
523 597
523 611
523 695
523 697
523 720
523 725
523 729
523 772
524 547
524 559
524 620
524 644
524 657
524 668
524 688
524 700
524 737
524 782
524 794
524 795
525 540
525 553
525 555
525 610
525 670
526 639
526 661
526 679
526 696
526 710
526 776
527 543
527 567
527 591
527 617
527 651
527 691
527 726
527 760
527 769
528 569
528 633
528 668
528 670
528 692
528 706
528 710
528 758
529 617
529 637
529 687
530 551
530 614
530 633
530 643
530 665
530 736
530 761
530 770
531 561
531 598
531 645
531 698
531 719
531 729
532 549
532 584
532 585
532 591
532 622
532 646
532 648
532 696
532 699
532 704
532 720
532 769
533 548
533 573
533 657
533 704
533 745
533 747
534 544
534 602
534 630
534 638
534 650
534 712
535 551
535 554
535 630
535 639
535 669
535 705
535 738
535 739
535 794
536 562
536 573
536 580
536 691
536 692
536 746
537 589
537 659
537 675
537 686
537 688
537 706
537 717
537 739
538 580
538 582
538 592
538 600
538 661
538 689
538 696
538 702
538 719
538 748
538 789
538 795
538 798
539 685
539 747
539 772
540 542
540 598
540 629
540 631
540 634
540 651
540 690
540 698
540 715
541 560
541 607
541 643
541 666
541 675
541 695
541 772
541 787
542 681
542 686
542 786
542 788
543 545
543 605
543 615
543 670
543 678
543 733
543 796
544 558
544 571
544 594
544 673
544 692
544 778
544 794
545 554
545 595
545 596
545 638
545 725
545 730
545 776
545 778
545 799
546 683
546 696
546 731
546 796
547 574
547 625
547 652
548 552
548 565
548 651
548 676
548 708
549 580
549 653
549 681
549 745
549 760
549 773
549 784
550 584
550 674
550 700
550 703
550 726
550 744
551 560
551 602
551 658
551 662
551 680
551 751
552 553
552 601
552 634
552 668
552 708
552 738
552 755
552 770
552 771
552 792
552 795
553 598
553 612
553 631
553 659
553 691
553 770
553 799
554 555
554 649
554 657
554 776
554 791
555 563
555 633
555 673
555 674
555 690
555 694
555 705
555 723
555 750
555 758
555 776
555 781
556 560
556 583
556 689
556 702
556 718
557 601
557 612
557 635
557 680
557 731
557 737
558 568
558 570
558 584
558 641
558 686
558 689
558 715
558 722
559 609
559 621
559 662
559 676
559 705
559 730
559 788
560 644
560 699
560 710
560 717
560 737
560 761
561 564
561 577
561 578
561 603
561 625
561 626
561 684
561 693
561 734
561 772
562 572
562 573
562 725
562 735
562 737
562 742
562 798
563 657
563 691
563 749
563 756
564 566
564 568
564 611
564 617
564 655
564 657
564 668
564 669
564 670
564 719
564 735
564 754
564 759
564 787
565 578
565 598
565 647
565 653
565 655
565 669
565 719
565 738
565 751
565 759
566 588
566 634
566 672
566 695
566 725
567 573
567 591
567 615
567 636
567 644
567 651
567 713
567 742
567 764
568 576
568 651
568 663
568 669
568 709
568 765
569 570
569 588
569 629
569 647
569 657
569 664
569 675
569 730
570 622
570 630
570 641
570 676
570 740
571 579
571 595
571 606
571 634
571 665
571 704
571 714
571 735
571 751
571 768
572 623
572 639
572 677
572 697
572 715
572 739
572 770
572 782
573 603
573 630
573 649
573 731
573 779
574 598
574 664
574 671
574 723
574 735
574 782
575 585
575 604
575 649
575 690
575 727
575 728
575 753
575 777
576 588
576 755
576 784
577 618
577 633
577 664
577 686
577 735
577 748
577 783
578 579
578 583
578 596
578 643
578 674
578 732
579 627
579 628
579 635
579 646
579 689
579 700
579 715
579 716
579 759
579 771
579 782
580 623
580 668
580 696
581 641
581 664
581 671
581 689
581 724
581 726
581 741
581 742
581 748
581 757
581 761
582 589
582 613
582 634
582 639
582 659
582 661
582 690
583 620
583 627
583 664
583 734
583 752
583 762
583 778
583 791
584 591
584 596
584 619
584 704
584 708
584 716
584 754
584 773
585 610
585 727
585 767
585 795
586 622
586 638
586 640
586 661
586 741
587 607
587 648
587 654
587 706
587 726
588 651
588 655
588 668
588 723
588 755
588 763
589 623
589 655
589 661
589 676
589 719
589 722
590 640
590 648
590 682
590 728
590 771
590 797
591 678
591 681
591 712
591 728
591 730
591 759
592 598
592 599
592 629
592 660
592 664
592 680
592 695
592 707
592 730
592 784
593 601
593 605
593 677
593 697
593 788
593 789
594 651
594 671
594 681
594 685
594 686
594 687
594 730
594 785
595 602
595 737
595 762
596 624
596 628
596 663
596 684
596 697
596 747
596 793
597 630
597 638
597 647
597 698
597 723
597 777
597 787
598 645
598 657
598 676
598 776
598 792
599 699
599 765
599 780
599 788
600 607
600 637
600 643
600 691
600 709
600 746
600 762
600 789
600 792
601 604
601 606
601 615
601 673
601 678
601 756
601 777
602 632
602 653
602 739
602 757
603 796
603 798
604 607
604 646
604 685
604 729
604 731
604 781
604 783
605 740
606 670
606 725
606 754
606 764
607 636
607 661
607 698
607 769
607 784
608 618
608 685
608 767
608 792
608 796
609 612
609 627
609 639
609 641
609 701
609 713
609 790
610 611
610 797
611 638
611 700
611 731
611 784
611 790
612 677
612 686
612 714
612 786
613 661
613 713
613 728
613 737
614 620
614 642
614 648
614 661
614 683
614 710
614 779
615 675
615 735
616 625
616 630
616 653
616 686
617 678
617 703
617 737
617 768
618 672
618 746
618 760
618 780
619 664
619 702
619 766
619 781
620 630
620 640
620 696
620 744
620 763
620 776
621 634
621 678
621 712
621 743
621 781
622 676
622 695
622 718
622 734
623 638
623 647
623 652
623 676
623 678
623 683
623 697
623 698
623 765
623 771
623 775
623 778
624 639
624 691
624 720
624 733
624 778
625 642
625 681
625 685
625 714
625 725
625 756
626 657
626 686
626 777
626 799
627 653
627 690
627 694
627 739
628 655
628 671
628 692
628 776
628 779
629 662
629 679
629 691
630 633
630 653
630 717
630 780
631 672
631 677
631 689
631 699
631 712
631 754
632 662
632 664
632 723
632 744
632 786
633 757
633 774
633 786
634 662
634 669
634 689
634 738
634 771
634 786
635 659
635 679
635 701
635 732
635 767
635 772
635 793
636 643
636 730
636 753
636 763
637 681
637 700
637 727
637 784
638 650
638 670
638 675
638 725
638 749
638 764
638 770
638 774
638 789
639 667
639 691
639 715
639 739
639 748
639 759
639 787
640 687
640 698
640 798
641 643
641 756
642 691
642 692
642 770
642 791
643 713
643 728
643 757
643 780
643 789
643 792
644 662
644 753
644 759
644 764
644 765
644 772
644 775
644 791
645 650
645 656
645 664
645 731
646 729
646 732
646 764
647 682
647 739
647 756
647 785
648 666
648 681
648 708
649 671
649 675
649 694
649 696
649 755
649 794
650 661
650 703
650 763
651 655
651 701
651 745
652 698
652 720
652 767
653 696
653 729
653 793
654 662
654 721
654 725
654 768
654 780
655 658
655 760
656 668
656 677
656 713
657 664
657 748
657 780
658 689
658 776
659 681
659 697
659 747
660 666
660 702
660 749
660 778
660 784
660 785
660 795
661 690
661 707
661 717
661 729
662 713
662 787
663 665
663 697
663 705
663 710
663 747
663 779
663 784
664 692
664 698
664 705
664 735
664 741
665 677
665 724
665 748
665 755
665 770
665 781
665 787
666 759
666 762
666 797
667 717
667 743
667 792
667 794
668 721
668 727
668 753
668 763
668 774
668 779
668 787
669 674
670 671
670 703
670 722
670 738
670 768
671 752
671 781
671 788
672 676
672 791
673 713
673 755
673 792
674 700
674 706
674 789
674 798
675 685
675 708
675 750
675 779
677 781
677 790
678 702
678 740
679 711
679 728
679 731
679 759
679 771
679 782
680 700
680 740
681 698
682 685
682 745
682 775
682 776
683 720
683 725
683 786
684 691
684 732
684 761
684 765
684 768
684 773
685 748
685 795
686 748
686 751
687 748
687 761
687 776
688 703
688 777
688 791
689 728
689 753
689 795
690 692
690 738
690 787
690 788
690 799
693 714
693 732
693 786
694 714
694 773
695 736
695 737
695 790
696 698
696 722
696 729
696 792
698 738
698 749
698 794
699 743
699 783
701 761
701 769
701 777
701 786
702 707
702 762
703 725
703 775
705 738
706 738
706 774
707 721
707 758
707 794
708 759
708 788
709 722
709 776
709 783
710 747
710 749
710 775
710 797
711 721
711 799
712 733
712 764
713 732
713 759
713 796
714 750
714 783
714 786
714 790
715 731
716 750
716 784
717 736
717 790
717 794
718 722
719 781
720 760
720 799
721 750
721 757
722 754
722 785
723 724
723 777
725 744
725 749
726 764
726 777
726 795
727 756
728 745
728 761
729 734
729 764
729 773
729 775
730 755
730 778
730 790
731 744
732 744
733 735
733 739
733 792
734 754
734 756
735 751
735 772
736 766
736 772
736 778
737 754
738 744
738 755
738 788
739 797
740 762
740 781
741 797
742 744
742 766
743 783
744 771
745 762
746 747
746 751
746 757
747 781
748 779
748 791
749 784
749 796
750 773
750 795
751 791
752 784
752 788
754 785
754 786
755 782
755 783
755 792
756 763
756 776
757 765
759 778
759 784
761 787
761 795
762 773
763 770
765 797
766 794
767 785
767 788
769 793
771 793
772 776
772 777
773 781
774 793
775 798
778 797
780 783
782 789
783 797
785 790
786 791
789 790
798 799
