800 9510
1 155
1 162
1 169
1 227
1 255
1 295
1 351
1 354
1 449
1 499
1 563
1 588
1 602
1 616
1 688
1 700
1 701
2 21
2 34
2 83
2 125
2 135
2 159
2 225
2 231
2 241
2 265
2 298
2 365
2 381
2 391
2 412
2 415
2 424
2 463
2 625
2 668
2 679
2 688
2 721
2 775
2 798
3 42
3 44
3 147
3 162
3 167
3 171
3 365
3 383
3 405
3 445
3 446
3 454
3 476
3 477
3 499
3 501
3 503
3 520
3 578
3 604
3 639
3 718
3 748
3 771
3 779
3 780
4 47
4 80
4 91
4 101
4 171
4 173
4 195
4 213
4 245
4 337
4 343
4 359
4 380
4 383
4 413
4 474
4 482
4 618
4 647
4 678
4 694
4 711
4 795
5 49
5 51
5 62
5 89
5 129
5 137
5 140
5 159
5 167
5 190
5 262
5 287
5 309
5 315
5 330
5 335
5 350
5 371
5 417
5 462
5 548
5 558
5 589
5 668
5 684
5 690
5 738
5 761
5 792
6 9
6 14
6 18
6 21
6 60
6 61
6 73
6 89
6 102
6 123
6 126
6 196
6 225
6 249
6 282
6 323
6 329
6 399
6 470
6 476
6 490
6 523
6 538
6 544
6 615
6 675
6 699
6 705
6 718
6 776
7 53
7 71
7 89
7 172
7 179
7 220
7 254
7 258
7 302
7 362
7 406
7 518
7 556
7 558
7 603
7 616
7 624
7 716
7 755
8 72
8 152
8 174
8 204
8 298
8 313
8 323
8 333
8 398
8 403
8 410
8 441
8 497
8 500
8 608
8 669
8 674
8 766
9 26
9 97
9 104
9 134
9 145
9 168
9 218
9 238
9 300
9 312
9 319
9 403
9 442
9 460
9 474
9 503
9 521
9 536
9 608
9 638
9 668
9 693
9 696
9 741
9 760
9 776
10 50
10 159
10 174
10 178
10 211
10 220
10 236
10 277
10 420
10 451
10 478
10 485
10 522
10 559
10 570
10 595
10 657
10 722
10 737
11 59
11 67
11 97
11 135
11 147
11 192
11 243
11 269
11 305
11 331
11 491
11 494
11 500
11 518
11 563
11 598
11 600
11 606
11 662
11 676
11 712
11 724
11 744
11 754
11 765
11 778
11 799
12 33
12 85
12 145
12 147
12 219
12 245
12 264
12 267
12 270
12 298
12 300
12 324
12 342
12 355
12 373
12 428
12 467
12 483
12 511
12 541
12 558
12 576
12 581
12 593
12 604
12 606
12 642
12 733
12 785
13 164
13 204
13 218
13 243
13 245
13 331
13 346
13 386
13 388
13 448
13 465
13 493
13 498
13 624
13 649
13 691
13 723
13 741
13 765
13 779
14 178
14 199
14 244
14 255
14 263
14 293
14 339
14 366
14 421
14 429
14 459
14 471
14 488
14 515
14 574
14 580
14 646
14 675
14 702
14 705
14 734
14 770
14 778
15 23
15 66
15 115
15 117
15 185
15 206
15 220
15 255
15 291
15 314
15 336
15 451
15 493
15 510
15 585
15 621
15 657
15 673
15 714
15 731
15 738
15 798
16 62
16 145
16 216
16 236
16 248
16 275
16 282
16 328
16 365
16 366
16 393
16 441
16 457
16 549
16 603
16 613
16 632
16 644
16 657
16 668
16 671
16 724
16 739
16 780
17 31
17 151
17 224
17 251
17 261
17 271
17 277
17 310
17 385
17 388
17 430
17 458
17 476
17 508
17 576
17 624
17 719
17 799
18 81
18 101
18 111
18 134
18 207
18 231
18 236
18 335
18 340
18 394
18 398
18 468
18 477
18 494
18 562
18 614
18 667
18 725
18 744
18 748
18 764
18 792
19 28
19 52
19 59
19 61
19 137
19 213
19 230
19 237
19 241
19 312
19 347
19 403
19 410
19 420
19 459
19 467
19 470
19 527
19 569
19 599
19 612
19 637
19 729
19 768
19 780
20 31
20 40
20 64
20 73
20 97
20 192
20 198
20 219
20 227
20 230
20 332
20 371
20 384
20 418
20 432
20 516
20 578
20 580
20 595
20 637
20 643
20 650
20 662
20 723
20 743
20 750
20 759
20 774
21 28
21 30
21 49
21 58
21 111
21 115
21 184
21 356
21 365
21 379
21 424
21 445
21 449
21 477
21 602
21 659
21 699
21 711
21 713
21 737
21 754
21 792
22 40
22 42
22 46
22 59
22 117
22 162
22 177
22 197
22 218
22 313
22 334
22 350
22 366
22 412
22 442
22 449
22 468
22 472
22 473
22 479
22 531
22 583
22 598
22 611
22 632
22 656
22 683
22 712
22 726
22 741
22 744
22 786
22 789
22 792
23 32
23 52
23 77
23 86
23 90
23 102
23 105
23 108
23 148
23 190
23 259
23 269
23 284
23 291
23 313
23 328
23 498
23 557
23 567
23 617
23 668
23 673
23 723
23 791
23 799
24 39
24 78
24 122
24 144
24 147
24 157
24 176
24 186
24 195
24 216
24 220
24 224
24 273
24 274
24 282
24 327
24 328
24 346
24 355
24 372
24 399
24 401
24 417
24 460
24 464
24 472
24 505
24 547
24 553
24 561
24 586
24 621
24 622
24 647
24 723
24 735
24 748
24 786
24 795
25 30
25 91
25 107
25 145
25 146
25 180
25 188
25 196
25 332
25 412
25 429
25 459
25 460
25 471
25 570
25 633
25 667
25 691
25 712
25 713
25 738
25 756
26 37
26 72
26 77
26 89
26 95
26 117
26 177
26 225
26 228
26 279
26 281
26 298
26 303
26 326
26 337
26 346
26 373
26 403
26 434
26 444
26 448
26 470
26 474
26 501
26 534
26 578
26 611
26 673
26 715
27 31
27 62
27 78
27 87
27 95
27 183
27 199
27 201
27 315
27 329
27 348
27 419
27 436
27 444
27 483
27 509
27 568
27 576
27 647
27 692
27 754
27 767
28 185
28 196
28 268
28 280
28 287
28 390
28 407
28 444
28 450
28 477
28 481
28 655
28 663
28 780
29 35
29 139
29 148
29 151
29 203
29 317
29 391
29 403
29 410
29 412
29 428
29 458
29 473
29 578
29 583
29 668
29 693
29 696
29 713
29 722
29 725
29 728
29 785
30 61
30 66
30 71
30 103
30 166
30 183
30 190
30 208
30 216
30 280
30 298
30 328
30 372
30 393
30 396
30 424
30 473
30 502
30 567
30 587
30 601
30 619
30 718
30 728
30 783
31 99
31 106
31 140
31 184
31 221
31 312
31 331
31 407
31 425
31 448
31 473
31 514
31 573
31 576
31 577
31 680
31 756
31 758
31 783
31 792
32 82
32 113
32 139
32 144
32 161
32 225
32 332
32 352
32 374
32 421
32 434
32 471
32 583
32 585
32 634
32 687
32 691
32 710
32 772
33 37
33 119
33 193
33 242
33 263
33 375
33 404
33 488
33 515
33 555
33 660
33 739
33 744
34 35
34 39
34 45
34 70
34 82
34 103
34 122
34 137
34 234
34 395
34 428
34 456
34 479
34 500
34 508
34 577
34 616
34 636
34 705
34 708
34 722
35 140
35 253
35 263
35 324
35 371
35 420
35 425
35 438
35 486
35 501
35 502
35 540
35 550
35 563
35 577
35 580
35 628
35 631
35 674
35 675
35 734
35 790
36 117
36 231
36 240
36 270
36 282
36 313
36 317
36 336
36 341
36 365
36 389
36 393
36 395
36 413
36 415
36 425
36 453
36 472
36 512
36 525
36 544
36 553
36 565
36 644
36 704
36 708
36 737
36 758
36 763
37 137
37 183
37 257
37 317
37 379
37 429
37 482
37 511
37 549
37 625
37 702
37 729
37 744
37 749
38 154
38 215
38 312
38 316
38 323
38 328
38 339
38 428
38 467
38 484
38 498
38 501
38 526
38 528
38 541
38 546
38 613
38 618
38 640
38 664
38 665
38 717
38 718
38 743
38 745
38 777
38 790
39 57
39 108
39 137
39 213
39 249
39 318
39 357
39 362
39 397
39 409
39 427
39 464
39 504
39 620
39 629
39 663
39 776
39 783
39 794
40 47
40 80
40 82
40 105
40 166
40 180
40 189
40 308
40 344
40 403
40 404
40 414
40 419
40 451
40 547
40 549
40 559
40 602
40 634
40 668
40 692
40 696
40 756
40 788
41 108
41 126
41 179
41 202
41 268
41 283
41 288
41 290
41 415
41 426
41 449
41 502
41 543
41 570
41 739
41 748
41 759
41 762
41 786
42 81
42 99
42 103
42 126
42 164
42 192
42 350
42 378
42 450
42 452
42 464
42 465
42 479
42 492
42 510
42 512
42 547
42 594
42 641
42 652
42 717
43 51
43 87
43 89
43 97
43 118
43 121
43 129
43 202
43 245
43 273
43 308
43 357
43 421
43 448
43 488
43 505
43 545
43 585
43 622
43 635
43 689
43 741
43 772
43 776
44 49
44 81
44 100
44 123
44 125
44 150
44 180
44 219
44 240
44 274
44 308
44 361
44 366
44 390
44 412
44 437
44 449
44 458
44 499
44 515
44 535
44 559
44 575
44 658
44 741
44 791
44 798
45 58
45 348
45 363
45 380
45 435
45 481
45 564
45 629
45 636
45 643
45 676
46 64
46 131
46 162
46 172
46 330
46 344
46 353
46 360
46 376
46 419
46 423
46 424
46 438
46 460
46 474
46 527
46 572
46 582
46 586
46 593
46 632
46 642
46 676
46 708
46 760
47 175
47 321
47 384
47 440
47 455
47 582
47 716
47 739
48 86
48 94
48 162
48 243
48 270
48 303
48 306
48 318
48 388
48 438
48 444
48 452
48 482
48 527
48 550
48 575
48 579
48 606
48 640
48 656
48 680
48 713
48 717
48 736
48 756
48 785
49 73
49 167
49 176
49 233
49 252
49 255
49 263
49 337
49 355
49 361
49 390
49 395
49 411
49 426
49 436
49 473
49 497
49 504
49 551
49 558
49 607
49 619
49 643
49 652
49 742
49 770
50 87
50 178
50 227
50 240
50 270
50 334
50 399
50 406
50 427
50 443
50 514
50 520
50 547
50 608
50 638
50 647
50 663
50 679
50 739
50 762
50 798
51 78
51 104
51 169
51 193
51 196
51 202
51 260
51 268
51 341
51 342
51 421
51 440
51 442
51 449
51 458
51 487
51 488
51 492
51 559
51 582
51 601
51 616
51 637
51 645
51 753
52 111
52 151
52 156
52 187
52 211
52 262
52 399
52 404
52 415
52 436
52 438
52 443
52 499
52 500
52 570
52 580
52 630
52 655
52 763
53 67
53 138
53 144
53 169
53 173
53 192
53 217
53 243
53 249
53 260
53 294
53 306
53 317
53 329
53 330
53 385
53 431
53 447
53 451
53 460
53 463
53 468
53 501
53 540
53 545
53 551
53 591
53 652
53 682
53 686
53 698
53 739
53 752
53 768
53 778
54 152
54 211
54 224
54 228
54 239
54 274
54 278
54 283
54 294
54 325
54 335
54 345
54 364
54 474
54 483
54 488
54 525
54 553
54 556
54 589
54 637
54 651
54 652
54 660
54 672
54 674
54 684
54 723
55 56
55 71
55 82
55 127
55 139
55 176
55 178
55 193
55 232
55 234
55 257
55 323
55 332
55 348
55 430
55 437
55 486
55 502
55 524
55 556
55 637
55 673
55 730
56 82
56 100
56 132
56 179
56 221
56 273
56 296
56 327
56 331
56 332
56 443
56 455
56 499
56 597
56 604
56 611
56 658
56 663
56 726
56 768
56 795
57 108
57 191
57 216
57 236
57 249
57 329
57 351
57 430
57 451
57 454
57 475
57 488
57 531
57 535
57 621
57 659
57 666
57 668
57 676
57 694
58 95
58 145
58 148
58 171
58 197
58 220
58 276
58 311
58 320
58 370
58 377
58 394
58 451
58 493
58 527
58 539
58 584
58 594
58 632
58 777
59 109
59 155
59 167
59 184
59 238
59 255
59 256
59 296
59 320
59 344
59 353
59 354
59 357
59 398
59 411
59 446
59 466
59 513
59 545
59 572
59 578
59 586
59 599
59 613
59 686
59 766
59 776
60 109
60 173
60 234
60 236
60 250
60 273
60 330
60 355
60 476
60 525
60 545
60 573
60 646
60 648
60 663
60 741
61 68
61 102
61 133
61 163
61 166
61 187
61 201
61 218
61 223
61 432
61 447
61 476
61 638
61 652
61 692
61 702
61 710
61 725
61 754
61 765
61 782
61 797
62 65
62 71
62 137
62 146
62 160
62 218
62 221
62 239
62 301
62 308
62 414
62 420
62 445
62 469
62 483
62 503
62 584
62 669
62 685
62 718
62 720
62 738
62 758
62 789
63 136
63 187
63 230
63 239
63 248
63 279
63 292
63 297
63 319
63 375
63 384
63 410
63 480
63 489
63 550
63 562
63 585
63 668
63 680
63 706
64 97
64 104
64 133
64 136
64 207
64 269
64 289
64 372
64 386
64 412
64 479
64 485
64 489
64 567
64 576
64 608
65 78
65 86
65 175
65 218
65 222
65 246
65 273
65 299
65 356
65 407
65 428
65 469
65 578
65 584
65 615
65 626
65 666
65 667
65 669
65 745
65 774
66 79
66 83
66 155
66 185
66 202
66 223
66 309
66 411
66 490
66 536
66 560
66 575
66 616
66 627
66 686
66 697
66 726
66 760
66 781
67 70
67 168
67 178
67 184
67 187
67 193
67 248
67 266
67 297
67 342
67 377
67 434
67 461
67 498
67 510
67 609
67 633
67 659
67 689
67 697
67 715
67 726
67 740
67 771
67 773
68 71
68 92
68 100
68 144
68 155
68 166
68 172
68 196
68 204
68 213
68 217
68 259
68 260
68 314
68 335
68 421
68 440
68 482
68 512
68 582
68 598
68 606
68 625
68 633
68 635
68 685
68 711
68 738
69 101
69 115
69 174
69 182
69 224
69 277
69 379
69 394
69 415
69 448
69 462
69 463
69 497
69 677
69 765
69 772
70 200
70 267
70 301
70 328
70 350
70 559
70 749
70 750
70 768
70 774
71 72
71 144
71 158
71 183
71 208
71 242
71 301
71 478
71 484
71 503
71 555
71 596
71 656
71 665
71 688
71 766
72 89
72 114
72 172
72 266
72 274
72 309
72 320
72 335
72 430
72 440
72 491
72 512
72 520
72 550
72 615
72 652
72 672
72 729
73 104
73 152
73 195
73 221
73 275
73 287
73 384
73 391
73 393
73 417
73 520
73 549
73 657
73 689
73 702
73 721
73 725
73 751
73 753
74 83
74 133
74 142
74 159
74 165
74 248
74 331
74 433
74 471
74 500
74 508
74 515
74 530
74 552
74 581
74 661
74 719
74 744
74 798
75 109
75 209
75 244
75 307
75 322
75 422
75 423
75 506
75 509
75 517
75 610
75 672
75 683
75 698
75 741
75 742
75 758
75 765
76 87
76 91
76 133
76 137
76 193
76 259
76 280
76 306
76 324
76 417
76 426
76 459
76 511
76 564
76 618
76 765
77 102
77 110
77 126
77 143
77 167
77 321
77 360
77 363
77 383
77 410
77 424
77 450
77 474
77 476
77 597
77 671
77 718
77 757
78 87
78 97
78 106
78 129
78 148
78 166
78 178
78 194
78 205
78 208
78 247
78 254
78 269
78 403
78 425
78 447
78 631
78 678
78 691
78 712
78 745
78 788
79 104
79 251
79 260
79 308
79 313
79 437
79 499
79 510
79 524
79 532
79 584
79 628
79 640
79 676
79 687
79 702
79 723
79 724
79 743
79 744
79 782
80 90
80 185
80 238
80 359
80 415
80 422
80 443
80 449
80 468
80 555
80 589
80 619
80 696
80 698
80 721
80 741
80 750
80 754
81 91
81 106
81 116
81 135
81 195
81 203
81 242
81 303
81 347
81 386
81 391
81 398
81 410
81 474
81 478
81 517
81 530
81 582
81 617
81 683
81 692
81 711
81 731
81 750
81 751
81 758
82 129
82 162
82 192
82 215
82 230
82 236
82 260
82 296
82 370
82 383
82 399
82 409
82 423
82 424
82 430
82 444
82 464
82 525
82 536
82 559
82 580
82 653
82 666
82 676
82 739
82 750
82 753
82 755
82 769
82 779
83 131
83 165
83 170
83 193
83 211
83 252
83 256
83 278
83 292
83 327
83 337
83 344
83 385
83 423
83 478
83 502
83 516
83 520
83 590
83 633
83 647
83 709
83 730
83 737
83 754
83 762
84 145
84 311
84 313
84 351
84 429
84 530
84 568
84 584
84 636
84 676
84 686
84 699
85 91
85 105
85 183
85 193
85 219
85 234
85 246
85 269
85 275
85 367
85 387
85 423
85 454
85 487
85 520
85 542
85 584
85 610
85 640
85 663
85 680
85 717
85 750
85 795
86 112
86 117
86 220
86 256
86 294
86 363
86 367
86 423
86 431
86 450
86 473
86 506
86 559
86 683
86 692
86 762
86 784
87 165
87 210
87 220
87 223
87 271
87 394
87 417
87 420
87 439
87 533
87 544
87 614
87 615
87 654
87 674
87 734
87 754
87 774
88 97
88 111
88 122
88 239
88 269
88 370
88 447
88 467
88 469
88 545
88 556
88 564
88 602
88 613
88 614
88 674
88 771
89 109
89 115
89 136
89 160
89 245
89 259
89 267
89 271
89 431
89 458
89 489
89 497
89 499
89 564
89 570
89 577
89 583
89 588
89 636
89 637
89 639
89 655
89 656
89 661
89 664
89 714
89 725
90 106
90 150
90 219
90 301
90 319
90 323
90 325
90 358
90 361
90 389
90 395
90 421
90 446
90 457
90 481
90 488
90 508
90 585
90 599
90 624
90 626
90 674
90 678
90 794
90 799
91 111
91 190
91 238
91 253
91 397
91 408
91 432
91 444
91 446
91 519
91 627
91 637
91 705
91 722
91 746
91 750
91 779
92 110
92 147
92 168
92 232
92 260
92 305
92 326
92 353
92 411
92 430
92 440
92 457
92 532
92 592
92 618
92 727
92 746
92 765
93 148
93 210
93 220
93 284
93 331
93 356
93 442
93 455
93 472
93 574
93 580
93 603
93 613
93 645
93 752
94 130
94 182
94 282
94 368
94 375
94 382
94 398
94 400
94 402
94 455
94 503
94 553
94 610
94 636
94 651
94 654
94 688
94 738
94 746
95 258
95 262
95 294
95 454
95 462
95 509
95 644
96 132
96 149
96 154
96 163
96 169
96 250
96 327
96 348
96 415
96 561
96 581
96 586
96 595
96 602
96 619
96 644
96 659
96 666
96 680
96 721
96 724
96 767
97 147
97 197
97 210
97 217
97 227
97 229
97 232
97 326
97 328
97 376
97 412
97 435
97 493
97 531
97 539
97 582
97 604
97 626
97 644
97 649
97 659
97 660
97 672
97 693
97 744
97 761
98 148
98 184
98 202
98 227
98 235
98 245
98 297
98 332
98 352
98 454
98 464
98 471
98 476
98 508
98 550
98 580
98 604
98 635
98 675
98 691
98 709
99 136
99 186
99 193
99 194
99 207
99 251
99 301
99 331
99 340
99 418
99 458
99 516
99 540
99 574
99 575
99 634
99 672
99 723
99 726
99 754
99 778
99 792
100 122
100 132
100 137
100 217
100 233
100 252
100 269
100 323
100 355
100 357
100 397
100 410
100 426
100 439
100 449
100 467
100 506
100 625
100 674
100 680
100 696
100 724
101 118
101 119
101 182
101 200
101 271
101 280
101 291
101 295
101 356
101 374
101 385
101 412
101 467
101 538
101 652
101 655
101 661
101 710
101 725
101 741
101 772
102 107
102 118
102 122
102 215
102 275
102 295
102 301
102 327
102 341
102 377
102 417
102 449
102 464
102 511
102 528
102 544
102 559
102 609
102 722
102 782
102 786
102 793
103 104
103 117
103 168
103 175
103 215
103 292
103 306
103 431
103 467
103 474
103 478
103 485
103 542
103 620
103 641
103 696
103 697
103 714
104 123
104 245
104 248
104 306
104 321
104 338
104 361
104 387
104 416
104 456
104 490
104 531
104 565
104 631
104 655
104 686
104 691
104 695
104 712
104 789
105 144
105 151
105 192
105 236
105 263
105 382
105 414
105 437
105 441
105 473
105 519
105 525
105 560
105 598
105 615
105 663
105 740
105 795
106 110
106 118
106 218
106 221
106 300
106 311
106 354
106 434
106 454
106 541
106 551
106 590
106 635
106 682
106 718
106 743
106 750
107 117
107 133
107 171
107 242
107 347
107 350
107 360
107 386
107 396
107 404
107 414
107 415
107 420
107 424
107 463
107 477
107 588
107 632
107 686
107 693
107 698
107 715
107 797
108 133
108 134
108 208
108 228
108 370
108 417
108 428
108 457
108 471
108 487
108 534
108 583
108 589
108 594
108 655
108 672
108 674
108 687
108 726
108 733
108 784
109 125
109 131
109 157
109 172
109 202
109 237
109 321
109 352
109 370
109 373
109 377
109 407
109 419
109 568
109 571
109 636
109 646
109 683
109 704
109 778
109 789
109 798
110 150
110 154
110 186
110 197
110 230
110 373
110 394
110 409
110 421
110 530
110 551
110 559
110 569
110 578
110 588
110 632
110 633
110 635
110 692
110 715
110 733
110 740
110 742
111 200
111 202
111 301
111 333
111 336
111 374
111 424
111 459
111 507
111 739
111 745
111 791
111 795
111 798
112 118
112 143
112 149
112 151
112 187
112 303
112 318
112 356
112 381
112 417
112 427
112 503
112 535
112 559
112 589
112 618
112 669
112 677
112 694
112 704
112 786
112 793
113 121
113 194
113 242
113 246
113 256
113 290
113 367
113 368
113 397
113 446
113 486
113 507
113 508
113 533
113 558
113 590
113 608
113 613
113 640
113 705
113 712
113 718
113 772
114 162
114 175
114 188
114 191
114 196
114 286
114 329
114 334
114 364
114 432
114 480
114 520
114 531
114 537
114 579
114 627
114 634
114 653
114 654
114 749
114 766
115 154
115 163
115 168
115 173
115 216
115 230
115 425
115 451
115 480
115 492
115 531
115 607
115 651
115 657
115 716
115 719
115 724
115 729
115 732
115 735
115 739
115 744
115 767
115 785
115 786
116 167
116 168
116 188
116 195
116 196
116 298
116 378
116 379
116 381
116 486
116 501
116 512
116 522
116 549
116 578
116 605
116 625
116 645
116 710
116 732
116 761
116 783
117 172
117 188
117 227
117 376
117 379
117 427
117 443
117 461
117 476
117 480
117 513
117 530
117 564
117 607
117 634
117 635
117 637
117 656
117 708
117 710
117 731
117 765
118 155
118 166
118 170
118 202
118 246
118 362
118 379
118 417
118 433
118 486
118 503
118 507
118 535
118 586
118 611
118 622
118 655
118 675
118 744
118 759
118 773
118 788
119 123
119 134
119 202
119 205
119 221
119 298
119 307
119 399
119 417
119 428
119 443
119 451
119 513
119 522
119 530
119 563
119 584
119 591
119 638
119 685
119 747
119 749
119 762
119 778
119 792
120 122
120 131
120 133
120 200
120 310
120 385
120 434
120 440
120 485
120 565
120 586
120 668
120 689
120 725
120 736
120 754
120 783
121 177
121 226
121 285
121 294
121 307
121 319
121 338
121 380
121 391
121 408
121 460
121 499
121 518
121 581
121 591
121 595
121 617
121 618
121 632
121 647
121 671
121 684
121 688
121 691
121 704
121 770
121 784
121 791
121 793
122 141
122 142
122 280
122 296
122 349
122 356
122 379
122 463
122 509
122 511
122 561
122 573
122 582
122 604
122 613
122 676
122 694
122 713
122 741
122 742
122 751
122 760
122 764
123 127
123 136
123 224
123 228
123 237
123 279
123 344
123 361
123 401
123 403
123 489
123 515
123 543
123 549
123 577
123 619
123 685
123 724
123 746
123 764
123 769
123 782
124 132
124 174
124 187
124 322
124 323
124 328
124 350
124 393
124 413
124 455
124 467
124 470
124 601
124 624
124 718
125 182
125 188
125 212
125 260
125 272
125 309
125 367
125 439
125 502
125 503
125 511
125 520
125 527
125 596
125 608
125 630
125 656
125 663
125 720
125 724
125 784
125 797
125 798
126 132
126 143
126 145
126 187
126 240
126 246
126 288
126 289
126 542
126 556
126 583
126 636
126 637
126 648
126 686
126 714
126 728
126 748
126 764
127 141
127 157
127 275
127 279
127 323
127 365
127 398
127 406
127 418
127 458
127 525
127 532
127 533
127 576
127 590
127 642
127 679
127 704
127 733
127 778
127 796
128 158
128 246
128 309
128 332
128 333
128 374
128 378
128 398
128 465
128 469
128 485
128 507
128 519
128 555
128 574
128 580
128 638
128 739
129 187
129 209
129 214
129 252
129 300
129 308
129 327
129 534
129 579
129 608
129 610
129 705
129 711
129 729
129 766
129 787
130 137
130 314
130 341
130 358
130 406
130 482
130 559
130 684
130 697
130 714
130 733
130 740
130 774
130 796
131 139
131 172
131 273
131 337
131 384
131 456
131 519
131 521
131 547
131 565
131 580
131 590
131 593
131 598
131 615
131 658
131 719
131 733
131 761
131 782
132 157
132 207
132 316
132 337
132 392
132 423
132 448
132 460
132 526
132 561
132 616
132 629
132 650
132 762
132 782
133 141
133 162
133 202
133 248
133 266
133 310
133 330
133 363
133 409
133 412
133 455
133 490
133 525
133 568
133 597
133 646
133 668
133 693
133 763
133 776
133 779
133 786
134 150
134 284
134 289
134 427
134 481
134 526
134 565
134 570
134 609
134 648
134 699
134 712
134 764
134 766
134 792
135 195
135 211
135 258
135 266
135 354
135 355
135 628
135 655
135 665
135 680
135 692
135 713
135 780
135 791
136 149
136 179
136 200
136 345
136 388
136 510
136 585
136 595
136 597
136 659
136 738
136 765
136 766
136 791
136 792
137 243
137 248
137 282
137 288
137 351
137 371
137 390
137 399
137 416
137 467
137 513
137 594
137 647
137 754
138 155
138 191
138 217
138 230
138 329
138 335
138 357
138 406
138 414
138 438
138 480
138 585
138 604
138 677
138 741
138 756
138 764
138 776
138 784
139 174
139 235
139 236
139 284
139 304
139 386
139 428
139 431
139 444
139 462
139 501
139 565
139 592
139 670
139 690
139 716
139 726
139 766
139 774
139 788
139 799
140 144
140 171
140 180
140 188
140 206
140 232
140 233
140 243
140 291
140 346
140 385
140 413
140 462
140 490
140 499
140 547
140 548
140 550
140 572
140 575
140 615
140 625
140 723
140 738
141 192
141 231
141 264
141 288
141 305
141 341
141 371
141 399
141 437
141 438
141 450
141 458
141 489
141 521
141 589
141 597
141 609
141 680
141 707
141 755
142 143
142 144
142 208
142 239
142 272
142 276
142 289
142 354
142 436
142 454
142 458
142 476
142 536
142 545
142 585
142 656
142 729
142 733
143 169
143 187
143 211
143 233
143 281
143 315
143 367
143 419
143 517
143 565
143 593
143 645
143 650
143 712
143 739
143 759
143 775
143 786
143 799
144 150
144 183
144 210
144 218
144 230
144 234
144 245
144 293
144 297
144 430
144 483
144 503
144 515
144 549
144 575
144 605
144 636
144 669
144 673
144 721
144 723
144 726
144 744
144 756
145 147
145 156
145 165
145 190
145 238
145 261
145 276
145 336
145 355
145 389
145 391
145 420
145 424
145 448
145 452
145 453
145 461
145 501
145 526
145 644
145 653
145 670
145 673
145 709
145 750
145 762
145 784
146 149
146 175
146 221
146 275
146 323
146 347
146 394
146 397
146 484
146 517
146 521
146 574
146 615
146 703
146 714
146 774
146 782
147 181
147 207
147 231
147 250
147 292
147 310
147 319
147 322
147 352
147 404
147 420
147 446
147 466
147 476
147 530
147 532
147 573
147 637
147 645
147 665
147 705
147 723
147 757
147 758
147 765
148 163
148 221
148 277
148 286
148 310
148 411
148 415
148 453
148 491
148 498
148 547
148 629
148 675
148 748
148 754
148 764
148 768
149 195
149 201
149 294
149 333
149 401
149 439
149 464
149 506
149 537
149 627
149 653
149 654
149 718
149 732
149 736
149 738
149 758
149 759
150 264
150 295
150 348
150 368
150 388
150 484
150 503
150 573
150 611
150 626
150 664
150 743
150 788
151 223
151 281
151 294
151 375
151 432
151 464
151 511
151 515
151 541
151 602
151 608
151 648
151 675
151 699
151 735
151 762
151 793
152 177
152 206
152 246
152 271
152 294
152 298
152 302
152 324
152 363
152 389
152 404
152 450
152 453
152 548
152 573
152 631
152 707
152 749
152 760
153 179
153 185
153 193
153 215
153 225
153 276
153 283
153 295
153 303
153 344
153 385
153 393
153 401
153 402
153 419
153 463
153 488
153 499
153 524
153 546
153 615
153 657
153 658
153 676
153 691
153 713
154 168
154 238
154 250
154 286
154 311
154 360
154 363
154 371
154 384
154 411
154 427
154 459
154 503
154 531
154 576
154 594
154 651
154 654
154 662
154 679
154 713
154 749
154 750
154 755
154 791
155 171
155 188
155 199
155 210
155 240
155 250
155 275
155 286
155 306
155 310
155 311
155 327
155 346
155 350
155 370
155 400
155 424
155 434
155 446
155 451
155 479
155 491
155 527
155 611
155 615
155 670
155 671
155 674
155 699
155 733
155 750
156 172
156 180
156 213
156 216
156 217
156 228
156 364
156 389
156 419
156 445
156 507
156 567
156 657
156 689
156 713
156 791
157 185
157 378
157 402
157 432
157 490
157 493
157 500
157 524
157 525
157 530
157 538
157 681
157 701
157 705
157 707
158 177
158 191
158 200
158 203
158 273
158 279
158 286
158 438
158 442
158 506
158 517
158 547
158 553
158 632
158 667
158 684
158 706
159 186
159 217
159 250
159 343
159 374
159 385
159 443
159 553
159 579
159 598
159 634
159 680
159 708
159 716
159 729
159 741
159 759
159 760
159 775
159 781
160 207
160 269
160 278
160 297
160 310
160 333
160 341
160 358
160 382
160 383
160 423
160 450
160 478
160 484
160 594
160 598
160 634
160 762
161 162
161 163
161 393
161 466
161 485
161 536
161 542
161 573
161 584
161 592
161 619
161 633
161 639
161 655
161 662
161 663
161 683
161 735
161 746
161 768
161 788
162 176
162 270
162 283
162 294
162 321
162 345
162 360
162 377
162 402
162 486
162 500
162 505
162 543
162 607
162 610
162 624
162 654
162 699
162 745
162 747
162 777
163 180
163 219
163 221
163 274
163 311
163 345
163 381
163 383
163 403
163 408
163 427
163 465
163 512
163 630
163 656
163 662
163 681
163 694
163 708
163 743
163 768
163 772
164 176
164 192
164 223
164 224
164 280
164 287
164 361
164 387
164 401
164 419
164 517
164 553
164 598
164 653
164 681
164 706
164 730
164 756
165 166
165 173
165 183
165 249
165 257
165 276
165 414
165 446
165 458
165 492
165 542
165 548
165 554
165 611
165 617
165 634
165 649
165 688
165 693
165 733
166 185
166 224
166 246
166 274
166 322
166 355
166 369
166 373
166 412
166 527
166 564
166 671
166 685
166 687
166 726
166 727
166 739
166 753
167 171
167 219
167 231
167 276
167 287
167 349
167 414
167 451
167 493
167 503
167 511
167 563
167 594
167 601
167 651
167 656
167 755
167 777
168 201
168 302
168 377
168 384
168 395
168 418
168 557
168 639
168 664
168 665
168 667
168 775
169 200
169 224
169 338
169 361
169 372
169 406
169 463
169 475
169 477
169 500
169 536
169 564
169 567
169 613
169 623
169 683
169 712
169 715
169 718
169 721
169 725
169 779
169 785
170 203
170 388
170 437
170 507
170 514
170 567
170 586
170 612
170 625
170 694
170 702
171 203
171 251
171 256
171 332
171 339
171 350
171 357
171 371
171 386
171 471
171 541
171 543
171 612
171 674
171 708
171 723
171 756
172 184
172 186
172 195
172 200
172 249
172 308
172 343
172 381
172 432
172 436
172 440
172 562
172 606
172 668
172 715
172 716
172 729
172 755
172 763
172 778
173 180
173 217
173 240
173 324
173 427
173 479
173 538
173 567
173 618
173 620
173 705
173 716
173 723
173 731
173 752
173 798
174 176
174 185
174 199
174 206
174 217
174 244
174 269
174 331
174 379
174 471
174 473
174 474
174 534
174 665
174 722
174 788
175 284
175 298
175 402
175 409
175 433
175 460
175 590
175 608
175 619
175 686
175 695
175 735
175 758
175 775
175 779
176 260
176 279
176 287
176 344
176 390
176 400
176 411
176 431
176 457
176 509
176 536
176 548
176 566
176 568
176 573
176 590
176 688
176 715
176 756
176 783
177 185
177 191
177 234
177 305
177 322
177 342
177 347
177 494
177 578
177 597
177 627
177 695
177 700
177 768
178 200
178 206
178 222
178 225
178 285
178 343
178 397
178 407
178 412
178 537
178 625
178 656
178 753
178 788
179 181
179 192
179 233
179 239
179 286
179 291
179 329
179 341
179 348
179 369
179 376
179 382
179 511
179 515
179 516
179 532
179 537
179 558
179 564
179 594
179 650
179 687
179 698
179 741
179 743
179 748
180 201
180 222
180 246
180 251
180 255
180 268
180 289
180 312
180 332
180 333
180 345
180 349
180 394
180 425
180 449
180 490
180 539
180 560
180 571
180 694
180 723
180 736
180 755
180 759
180 764
181 249
181 256
181 276
181 311
181 332
181 350
181 353
181 362
181 438
181 464
181 472
181 501
181 560
181 587
181 629
181 646
181 673
181 693
181 729
181 733
182 204
182 252
182 314
182 366
182 399
182 404
182 419
182 507
182 530
182 633
182 645
182 709
182 757
182 795
183 189
183 204
183 261
183 262
183 267
183 305
183 315
183 349
183 359
183 377
183 388
183 409
183 428
183 439
183 446
183 477
183 481
183 487
183 566
183 596
183 658
183 671
183 771
183 793
184 208
184 209
184 294
184 301
184 317
184 324
184 342
184 346
184 446
184 451
184 542
184 649
184 653
184 689
184 711
184 712
184 731
184 777
185 226
185 235
185 238
185 263
185 309
185 378
185 406
185 492
185 499
185 530
185 606
185 621
185 655
185 683
185 773
185 796
186 215
186 241
186 258
186 267
186 285
186 295
186 320
186 348
186 349
186 406
186 435
186 460
186 526
186 538
186 539
186 585
186 616
186 628
186 660
186 677
186 692
186 712
186 717
186 722
186 735
186 742
187 191
187 213
187 215
187 264
187 322
187 363
187 416
187 428
187 444
187 479
187 488
187 490
187 566
187 595
187 600
187 604
187 639
187 678
187 682
187 760
187 766
188 317
188 341
188 353
188 454
188 469
188 476
188 516
188 543
188 549
188 614
188 686
188 717
188 719
188 727
188 794
188 796
189 224
189 295
189 313
189 361
189 458
189 537
189 545
189 607
189 686
189 743
189 757
189 759
190 210
190 212
190 227
190 251
190 301
190 318
190 442
190 513
190 516
190 604
190 619
190 632
190 644
191 275
191 287
191 291
191 294
191 313
191 315
191 320
191 336
191 344
191 348
191 352
191 417
191 479
191 516
191 536
191 549
191 698
191 739
192 212
192 238
192 268
192 305
192 310
192 423
192 428
192 439
192 455
192 460
192 482
192 487
192 553
192 585
192 644
192 649
192 658
192 661
192 700
192 733
192 734
192 791
193 208
193 231
193 253
193 296
193 318
193 350
193 387
193 421
193 504
193 523
193 551
193 553
193 576
193 577
193 619
193 627
193 651
193 659
193 693
193 711
193 758
193 761
193 767
193 768
193 777
193 786
193 799
194 236
194 251
194 319
194 334
194 450
194 493
194 499
194 552
194 589
194 590
194 647
194 666
194 684
194 691
194 693
194 702
194 722
194 729
194 733
194 756
195 233
195 252
195 303
195 328
195 349
195 379
195 417
195 541
195 620
195 707
195 790
195 797
195 798
196 227
196 243
196 405
196 407
196 465
196 508
196 540
196 592
196 658
196 727
196 732
196 780
196 783
197 211
197 262
197 271
197 298
197 311
197 321
197 355
197 358
197 367
197 396
197 399
197 401
197 425
197 469
197 492
197 529
197 551
197 552
197 562
197 617
197 637
197 658
197 781
197 791
198 264
198 363
198 368
198 434
198 526
198 536
198 620
198 652
198 756
198 794
199 252
199 267
199 347
199 350
199 450
199 489
199 493
199 522
199 604
199 795
200 207
200 304
200 322
200 330
200 362
200 388
200 430
200 442
200 479
200 570
200 610
200 656
200 688
200 691
200 767
200 783
201 265
201 307
201 331
201 361
201 374
201 426
201 479
201 492
201 495
201 533
201 583
201 617
201 659
201 782
202 254
202 285
202 301
202 313
202 332
202 401
202 450
202 484
202 555
202 600
202 621
202 623
202 654
202 700
202 704
202 772
202 783
203 214
203 220
203 229
203 235
203 380
203 402
203 446
203 459
203 473
203 515
203 583
203 599
203 664
203 674
203 752
204 205
204 234
204 310
204 326
204 332
204 339
204 394
204 399
204 452
204 464
204 481
204 504
204 509
204 549
204 570
204 571
204 608
204 632
204 639
204 655
204 745
204 774
204 796
205 328
205 390
205 396
205 408
205 413
205 416
205 422
205 455
205 461
205 467
205 468
205 477
205 496
205 529
205 597
205 624
205 629
205 630
205 632
205 635
205 636
205 637
205 694
205 737
205 751
205 766
206 219
206 320
206 421
206 423
206 429
206 626
206 631
206 632
206 765
206 768
207 219
207 225
207 269
207 285
207 354
207 395
207 454
207 533
207 547
207 561
207 573
207 644
207 653
207 656
207 689
207 712
207 735
207 744
207 762
207 773
207 778
208 327
208 347
208 421
208 428
208 433
208 440
208 442
208 458
208 466
208 550
208 575
208 626
208 647
208 670
208 696
208 698
208 725
208 740
208 759
208 764
208 791
209 243
209 253
209 261
209 302
209 333
209 359
209 374
209 401
209 428
209 433
209 476
209 481
209 504
209 542
209 740
209 791
210 251
210 257
210 301
210 372
210 386
210 394
210 427
210 531
210 550
210 572
210 576
210 656
211 234
211 247
211 257
211 298
211 313
211 335
211 341
211 349
211 370
211 409
211 425
211 557
211 571
211 611
211 614
211 624
211 671
211 727
211 743
211 749
212 218
212 246
212 349
212 374
212 379
212 453
212 554
212 557
212 574
212 623
212 653
212 666
212 677
212 696
212 745
213 220
213 238
213 262
213 302
213 408
213 439
213 461
213 490
213 538
213 571
213 583
213 648
213 677
213 683
213 704
213 712
213 716
213 724
213 734
214 299
214 300
214 371
214 376
214 408
214 472
214 484
214 526
214 553
214 575
214 596
214 636
214 651
214 683
214 705
214 736
214 786
215 234
215 253
215 269
215 290
215 295
215 317
215 330
215 346
215 400
215 493
215 530
215 534
215 559
215 568
215 685
215 745
215 763
216 239
216 246
216 268
216 294
216 313
216 320
216 338
216 397
216 412
216 421
216 424
216 458
216 479
216 506
216 536
216 547
216 587
216 626
216 683
216 693
216 757
216 770
216 781
217 221
217 223
217 226
217 278
217 308
217 331
217 370
217 404
217 409
217 424
217 508
217 524
217 574
217 593
217 607
217 740
217 753
218 220
218 276
218 296
218 342
218 364
218 399
218 424
218 450
218 492
218 598
218 606
218 628
218 645
218 685
218 686
218 703
218 709
218 775
219 226
219 232
219 280
219 314
219 386
219 456
219 473
219 474
219 535
219 537
219 594
219 636
219 675
219 689
219 709
219 717
219 721
219 788
220 388
220 450
220 452
220 467
220 486
220 487
220 489
220 500
220 504
220 564
220 686
220 688
220 729
220 746
220 752
221 237
221 253
221 259
221 302
221 336
221 424
221 455
221 537
221 546
221 555
221 640
221 667
221 709
221 719
221 744
221 764
221 767
221 769
222 226
222 281
222 303
222 318
222 348
222 361
222 444
222 462
222 498
222 500
222 507
222 509
222 552
222 589
222 658
222 661
222 680
222 688
222 765
222 781
222 797
223 259
223 286
223 292
223 316
223 324
223 331
223 335
223 353
223 410
223 475
223 483
223 598
223 616
223 619
223 653
223 795
223 798
224 239
224 240
224 242
224 262
224 272
224 349
224 373
224 407
224 420
224 421
224 449
224 464
224 473
224 488
224 507
224 545
224 566
224 608
224 621
224 631
224 667
224 691
224 707
224 727
224 775
225 332
225 369
225 448
225 449
225 468
225 576
225 643
225 646
225 700
225 727
225 755
225 766
226 233
226 258
226 304
226 320
226 362
226 363
226 380
226 397
226 399
226 402
226 424
226 428
226 459
226 464
226 479
226 506
226 544
226 595
226 607
226 610
226 626
226 630
226 664
226 689
226 723
226 785
227 238
227 271
227 299
227 338
227 382
227 385
227 424
227 434
227 461
227 466
227 472
227 523
227 596
227 624
227 734
227 757
227 772
227 782
228 249
228 267
228 279
228 332
228 347
228 387
228 423
228 452
228 467
228 469
228 482
228 498
228 500
228 506
228 529
228 558
228 643
228 686
228 720
228 726
228 744
228 755
228 796
229 314
229 378
229 409
229 453
229 459
229 471
229 485
229 501
229 511
229 523
229 563
229 582
229 588
229 648
229 654
229 672
229 688
229 703
229 712
229 725
230 242
230 394
230 399
230 515
230 562
230 597
230 625
230 630
230 640
230 661
230 704
230 705
230 714
230 771
230 781
231 246
231 252
231 360
231 382
231 408
231 514
231 517
231 540
231 583
231 639
231 668
231 672
231 719
231 783
232 240
232 255
232 316
232 342
232 389
232 410
232 505
232 548
232 608
232 636
232 637
232 667
232 673
232 692
233 253
233 328
233 392
233 441
233 490
233 547
233 554
233 561
233 564
233 636
233 677
233 738
233 765
234 248
234 257
234 281
234 327
234 350
234 351
234 376
234 428
234 489
234 575
234 613
234 633
234 634
234 645
234 676
234 694
235 267
235 272
235 312
235 335
235 340
235 350
235 389
235 417
235 436
235 469
235 491
235 508
235 512
235 565
235 585
235 612
235 634
235 707
235 712
235 716
235 746
236 299
236 347
236 350
236 394
236 429
236 447
236 544
236 564
236 682
236 688
237 238
237 258
237 279
237 356
237 390
237 391
237 405
237 474
237 480
237 493
237 516
237 541
237 563
237 569
237 570
237 579
237 580
237 596
237 736
237 775
238 245
238 255
238 281
238 306
238 409
238 425
238 526
238 549
238 589
238 603
238 704
238 723
238 737
238 770
238 788
239 257
239 276
239 440
239 612
239 636
239 646
239 654
239 672
239 701
239 707
239 725
239 729
239 738
239 788
240 246
240 277
240 297
240 338
240 341
240 393
240 396
240 445
240 479
240 551
240 607
240 715
240 735
240 771
240 790
241 261
241 302
241 382
241 406
241 419
241 451
241 452
241 556
241 563
241 595
241 641
241 654
241 656
241 657
241 698
241 705
241 750
241 794
242 287
242 312
242 353
242 373
242 411
242 459
242 471
242 481
242 490
242 672
242 698
242 709
242 720
242 747
243 270
243 289
243 335
243 339
243 347
243 443
243 483
243 521
243 555
243 585
243 630
243 665
243 707
243 712
243 721
243 723
243 744
243 769
244 270
244 281
244 436
244 462
244 476
244 556
244 564
244 617
244 634
244 676
244 709
244 724
244 736
244 781
245 324
245 343
245 344
245 464
245 537
245 578
245 588
245 634
245 721
245 733
245 753
245 756
246 285
246 290
246 309
246 316
246 322
246 335
246 398
246 410
246 437
246 438
246 531
246 575
246 602
246 640
246 655
246 714
246 720
246 728
246 729
246 730
246 786
247 252
247 255
247 257
247 284
247 351
247 434
247 440
247 443
247 447
247 453
247 479
247 524
247 541
247 578
247 596
247 625
247 683
247 690
247 704
247 721
247 770
247 782
247 798
248 351
248 376
248 382
248 386
248 418
248 436
248 447
248 455
248 482
248 492
248 500
248 514
248 548
248 610
248 649
248 658
248 675
248 678
248 683
248 689
248 707
248 712
248 738
248 765
248 771
249 260
249 269
249 288
249 292
249 397
249 436
249 453
249 531
249 590
249 639
249 683
249 713
249 756
249 768
249 771
250 290
250 304
250 309
250 389
250 390
250 573
250 722
250 783
251 262
251 285
251 372
251 405
251 409
251 417
251 458
251 459
251 464
251 490
251 582
251 604
251 606
251 669
251 693
251 695
251 777
252 280
252 288
252 296
252 325
252 346
252 377
252 438
252 605
252 620
252 648
252 651
252 661
252 702
252 704
252 705
252 738
253 313
253 315
253 336
253 410
253 440
253 457
253 481
253 528
253 552
253 575
253 625
253 652
253 660
253 663
253 710
253 741
253 780
253 784
254 274
254 285
254 297
254 361
254 384
254 412
254 430
254 500
254 543
254 546
254 567
254 571
254 573
254 604
254 610
254 611
254 624
254 626
255 302
255 367
255 374
255 376
255 385
255 396
255 403
255 410
255 440
255 464
255 495
255 496
255 535
255 536
255 557
255 627
255 646
255 707
255 711
255 713
255 722
255 747
255 761
255 779
256 264
256 277
256 297
256 329
256 400
256 401
256 424
256 475
256 528
256 529
256 545
256 601
256 751
256 759
257 279
257 291
257 296
257 403
257 411
257 451
257 461
257 485
257 544
257 551
257 573
257 603
257 614
257 620
257 629
257 646
257 653
257 692
257 727
258 269
258 272
258 404
258 512
258 520
258 525
258 635
258 652
258 663
258 690
258 694
258 749
259 321
259 322
259 366
259 367
259 371
259 390
259 453
259 455
259 458
259 488
259 518
259 532
259 534
259 541
259 553
259 581
259 615
259 631
259 652
259 673
259 765
260 265
260 315
260 329
260 339
260 381
260 390
260 426
260 447
260 466
260 539
260 591
260 613
260 639
260 658
260 662
260 674
260 690
260 716
261 270
261 309
261 422
261 450
261 462
261 479
261 522
261 532
261 540
261 582
261 583
261 611
261 632
261 641
261 678
261 690
261 758
261 799
262 291
262 304
262 337
262 340
262 430
262 450
262 462
262 471
262 506
262 536
262 563
262 568
262 641
262 652
262 662
262 682
262 723
262 767
262 794
263 328
263 356
263 377
263 402
263 403
263 410
263 413
263 440
263 452
263 502
263 554
263 611
263 624
263 627
263 654
263 699
263 700
263 725
263 735
263 748
263 766
264 289
264 294
264 309
264 325
264 333
264 350
264 390
264 392
264 453
264 507
264 521
264 577
264 599
264 671
264 709
264 739
264 775
264 796
265 280
265 298
265 347
265 387
265 480
265 534
265 546
265 636
265 660
265 678
265 720
266 292
266 330
266 341
266 342
266 371
266 408
266 479
266 508
266 541
266 546
266 594
266 629
266 670
266 681
266 687
267 276
267 306
267 343
267 350
267 365
267 396
267 411
267 457
267 474
267 539
267 543
267 563
267 614
267 633
267 669
267 700
267 712
267 727
268 326
268 384
268 413
268 456
268 457
268 541
268 549
268 572
268 633
268 652
268 675
268 693
268 709
268 768
268 774
268 798
269 273
269 280
269 313
269 322
269 378
269 394
269 420
269 469
269 527
269 529
269 531
269 548
269 555
269 564
269 642
269 714
270 331
270 413
270 447
270 489
270 559
270 624
270 752
271 310
271 341
271 416
271 457
271 492
271 521
271 583
271 630
271 635
271 719
271 729
271 738
271 753
271 767
271 778
271 781
271 791
271 794
272 273
272 326
272 342
272 349
272 366
272 368
272 375
272 463
272 493
272 515
272 538
272 601
272 634
272 640
272 777
273 330
273 352
273 428
273 447
273 453
273 486
273 491
273 517
273 518
273 520
273 532
273 547
273 548
273 556
273 558
274 394
274 422
274 449
274 510
274 573
274 580
274 709
274 755
274 780
275 294
275 304
275 320
275 376
275 396
275 410
275 417
275 420
275 475
275 477
275 657
275 671
275 677
275 680
275 698
275 728
275 760
275 798
275 799
276 320
276 333
276 342
276 381
276 434
276 538
276 552
276 559
276 581
276 603
276 652
276 668
276 702
276 736
276 773
277 282
277 293
277 379
277 417
277 433
277 464
277 470
277 471
277 545
277 672
277 703
277 728
277 795
278 379
278 413
278 435
278 445
278 539
278 553
278 573
278 638
278 649
278 664
278 690
278 712
278 761
279 298
279 312
279 319
279 378
279 391
279 395
279 410
279 420
279 431
279 494
279 509
279 521
279 526
279 599
279 605
279 622
279 630
279 652
279 688
279 692
279 696
279 710
279 716
279 790
279 795
280 282
280 290
280 303
280 364
280 393
280 413
280 422
280 446
280 464
280 481
280 520
280 607
280 623
280 672
280 778
280 779
281 368
281 392
281 393
281 405
281 442
281 455
281 500
281 513
281 537
281 570
281 594
281 634
281 729
281 744
281 745
282 300
282 312
282 334
282 365
282 368
282 385
282 407
282 556
282 616
282 621
282 638
282 780
283 346
283 352
283 376
283 443
283 449
283 458
283 482
283 492
283 509
283 531
283 585
283 598
283 628
283 633
283 658
283 668
283 670
283 697
283 702
283 720
283 734
283 744
283 745
283 793
284 336
284 364
284 372
284 380
284 382
284 401
284 431
284 488
284 492
284 501
284 527
284 614
284 650
284 652
284 706
284 748
284 761
284 767
284 776
284 777
284 783
285 288
285 375
285 399
285 426
285 430
285 478
285 480
285 503
285 546
285 671
285 772
286 327
286 375
286 381
286 405
286 427
286 441
286 475
286 482
286 567
286 611
286 747
287 325
287 385
287 402
287 404
287 413
287 414
287 482
287 494
287 526
287 550
287 580
287 604
287 620
287 630
287 634
287 665
287 679
287 708
287 720
287 773
288 306
288 341
288 350
288 383
288 408
288 427
288 451
288 465
288 543
288 633
288 656
288 790
289 300
289 321
289 360
289 413
289 420
289 511
289 534
289 553
289 601
289 617
289 621
289 641
289 694
289 695
289 732
289 776
290 307
290 318
290 340
290 359
290 366
290 497
290 549
290 611
290 627
290 635
290 643
290 717
290 724
290 739
290 753
290 757
290 792
291 335
291 345
291 380
291 531
291 653
291 681
291 693
291 776
291 790
292 338
292 347
292 348
292 358
292 374
292 437
292 438
292 452
292 578
292 586
292 609
292 674
292 726
292 740
292 776
293 297
293 461
293 484
293 485
293 516
293 587
293 678
293 687
293 699
293 704
293 733
293 767
294 318
294 331
294 361
294 378
294 428
294 430
294 553
294 590
294 620
294 665
294 698
294 712
294 719
294 778
295 323
295 348
295 375
295 377
295 393
295 424
295 425
295 450
295 451
295 472
295 497
295 504
295 562
295 590
295 641
295 645
295 689
295 743
295 765
296 368
296 370
296 374
296 375
296 429
296 431
296 458
296 489
296 497
296 516
296 517
296 532
296 575
296 636
296 682
296 714
296 717
296 740
296 750
296 760
296 799
297 311
297 328
297 329
297 336
297 363
297 409
297 424
297 427
297 465
297 499
297 501
297 530
297 604
297 678
297 761
298 306
298 312
298 362
298 375
298 385
298 455
298 458
298 467
298 505
298 534
298 592
298 645
298 683
298 718
298 732
298 738
299 311
299 343
299 348
299 377
299 394
299 407
299 417
299 430
299 444
299 453
299 456
299 485
299 492
299 501
299 555
299 628
299 633
299 728
299 755
300 397
300 464
300 526
300 571
300 606
300 622
300 627
300 648
300 708
300 759
300 789
301 325
301 327
301 334
301 341
301 363
301 395
301 428
301 464
301 472
301 477
301 487
301 528
301 539
301 541
301 544
301 564
301 602
301 624
301 644
301 657
301 671
301 703
301 736
302 304
302 342
302 358
302 390
302 458
302 480
302 493
302 558
302 559
302 562
302 603
302 654
302 661
302 674
302 709
302 743
302 758
302 764
303 304
303 407
303 415
303 509
303 529
303 546
303 563
303 657
303 767
303 778
303 790
304 319
304 328
304 350
304 362
304 381
304 383
304 434
304 509
304 616
304 638
304 677
304 680
304 708
304 714
304 721
304 737
304 782
305 328
305 355
305 386
305 442
305 508
305 512
305 544
305 546
305 578
305 587
305 592
305 611
305 666
305 671
305 736
306 327
306 336
306 391
306 425
306 443
306 457
306 523
306 612
306 638
306 750
306 763
306 768
306 773
307 320
307 325
307 412
307 466
307 509
307 743
308 317
308 344
308 436
308 497
308 557
308 630
308 652
308 657
308 691
308 736
308 745
308 755
308 764
308 795
309 337
309 354
309 365
309 370
309 510
309 513
309 527
309 606
309 659
309 670
309 685
309 696
309 697
309 727
309 729
309 732
309 759
309 770
310 426
310 502
310 510
310 523
310 555
310 595
310 596
310 617
310 622
310 641
310 661
311 349
311 390
311 395
311 431
311 452
311 523
311 531
311 551
311 685
311 715
311 723
311 724
311 731
311 772
312 331
312 332
312 359
312 405
312 415
312 416
312 434
312 459
312 476
312 501
312 523
312 550
312 567
312 606
312 614
312 652
312 692
312 763
312 788
313 355
313 476
313 501
313 515
313 520
313 536
313 588
313 601
313 603
313 664
313 776
314 361
314 394
314 424
314 476
314 521
314 556
314 569
314 602
314 605
314 663
314 728
314 753
315 316
315 397
315 416
315 432
315 457
315 512
315 540
315 553
315 636
315 647
315 766
315 771
315 787
316 391
316 520
316 557
316 579
316 604
316 610
316 719
316 747
316 795
317 333
317 336
317 347
317 361
317 483
317 518
317 522
317 529
317 535
317 561
317 570
317 591
317 611
317 697
317 725
317 759
317 787
318 323
318 329
318 338
318 380
318 415
318 523
318 549
318 552
318 576
318 681
318 764
319 356
319 361
319 412
319 424
319 455
319 483
319 539
319 547
319 548
319 559
319 590
319 595
319 623
319 653
319 706
319 719
319 759
320 351
320 367
320 384
320 386
320 396
320 439
320 515
320 536
320 547
320 570
320 574
320 594
320 616
320 683
320 693
320 704
320 786
321 334
321 371
321 385
321 422
321 432
321 611
321 652
321 716
322 335
322 383
322 394
322 483
322 526
322 622
322 655
322 674
322 707
322 781
323 327
323 371
323 382
323 415
323 426
323 455
323 474
323 549
323 599
323 618
323 746
323 751
323 755
323 775
324 397
324 400
324 448
324 462
324 515
324 590
324 598
324 665
324 674
324 679
324 739
324 741
324 769
324 778
325 343
325 384
325 388
325 452
325 491
325 587
325 668
325 720
325 723
325 770
325 795
326 414
326 418
326 425
326 477
326 487
326 509
326 554
326 585
326 619
326 620
326 637
326 645
326 651
326 663
326 686
326 705
326 711
326 767
327 425
327 454
327 489
327 507
327 528
327 546
327 578
327 602
327 632
327 675
327 679
327 695
327 770
328 358
328 417
328 425
328 434
328 437
328 467
328 472
328 473
328 485
328 491
328 543
328 572
328 583
328 653
328 690
328 772
328 799
329 332
329 333
329 356
329 382
329 398
329 419
329 449
329 457
329 479
329 485
329 502
329 537
329 560
329 574
329 585
329 614
329 624
329 704
329 737
330 335
330 462
330 555
330 610
330 648
331 333
331 394
331 397
331 405
331 424
331 436
331 439
331 454
331 511
331 583
331 590
331 635
331 652
331 705
331 713
331 738
331 761
331 796
332 363
332 383
332 401
332 452
332 467
332 480
332 528
332 565
332 597
332 606
332 610
332 669
332 725
332 748
332 752
332 769
333 334
333 343
333 414
333 422
333 466
333 498
333 504
333 527
333 629
333 644
333 663
333 684
333 751
334 338
334 369
334 408
334 418
334 420
334 451
334 469
334 471
334 511
334 520
334 552
334 565
334 566
334 593
334 618
334 634
334 635
334 643
334 668
334 716
334 750
334 777
335 336
335 344
335 380
335 440
335 467
335 480
335 538
335 548
335 577
335 664
335 695
335 737
335 768
336 352
336 388
336 397
336 399
336 426
336 439
336 469
336 483
336 550
336 709
336 728
336 731
337 357
337 421
337 422
337 467
337 567
337 582
337 638
337 682
337 749
337 767
337 788
338 356
338 414
338 566
338 592
338 603
338 621
338 628
338 637
338 653
338 698
338 775
339 347
339 369
339 466
339 479
339 496
339 510
339 546
339 591
339 609
339 628
339 632
339 635
339 662
339 684
339 709
339 717
339 765
339 790
340 353
340 366
340 384
340 423
340 451
340 467
340 472
340 483
340 513
340 609
340 624
340 628
340 641
340 653
340 672
340 678
340 714
341 345
341 370
341 383
341 394
341 421
341 509
341 537
341 553
341 594
341 626
341 646
341 655
341 706
341 763
342 452
342 496
342 520
342 535
342 563
342 596
342 602
342 661
342 665
342 705
343 353
343 359
343 403
343 443
343 488
343 489
343 511
343 528
343 538
343 545
343 594
343 618
343 650
343 659
344 361
344 372
344 417
344 428
344 452
344 454
344 458
344 473
344 474
344 526
344 562
344 585
344 587
344 598
344 605
344 618
344 663
344 713
344 720
345 420
345 436
345 503
345 522
345 527
345 538
345 553
345 583
345 591
345 664
345 725
345 736
345 761
345 798
346 358
346 404
346 410
346 539
346 615
346 624
346 677
346 679
346 712
346 748
346 759
347 373
347 407
347 495
347 515
347 521
347 570
347 597
347 632
347 636
347 644
347 684
347 710
347 712
347 724
348 396
348 412
348 421
348 451
348 533
348 579
348 600
348 618
348 620
348 621
348 652
348 716
348 721
348 773
348 788
349 365
349 366
349 373
349 394
349 430
349 436
349 459
349 462
349 499
349 501
349 537
349 538
349 540
349 561
349 570
349 598
349 616
349 658
349 700
349 718
349 734
349 735
349 752
349 779
350 351
350 364
350 435
350 440
350 474
350 515
350 521
350 524
350 549
350 595
350 652
350 673
351 449
351 482
351 518
351 596
351 597
351 676
351 687
351 712
351 778
352 366
352 395
352 398
352 433
352 448
352 462
352 501
352 564
352 597
352 612
352 621
352 641
352 724
352 760
352 789
352 799
353 359
353 377
353 388
353 423
353 454
353 463
353 497
353 611
353 647
353 650
353 665
353 676
353 681
353 715
353 720
353 751
353 787
353 796
354 494
354 558
354 625
354 655
354 684
354 700
354 702
354 747
354 756
355 381
355 436
355 455
355 521
355 546
355 551
355 638
355 769
355 775
356 368
356 375
356 388
356 396
356 418
356 419
356 437
356 454
356 491
356 500
356 504
356 556
356 575
356 599
356 633
356 646
356 651
356 654
356 662
356 679
356 698
356 713
356 718
356 767
357 379
357 407
357 442
357 475
357 490
357 580
357 614
357 662
357 674
357 684
357 686
357 699
357 748
357 766
357 787
358 431
358 488
358 613
358 627
358 665
358 674
358 732
358 766
359 384
359 488
359 509
359 510
359 571
359 573
359 579
359 587
359 588
359 713
359 750
359 764
359 774
359 777
360 366
360 395
360 414
360 468
360 549
360 661
360 664
360 709
360 718
360 722
360 742
360 767
360 798
361 381
361 386
361 425
361 472
361 473
361 476
361 530
361 573
361 581
361 631
361 634
361 685
361 689
361 788
361 794
361 799
362 458
362 555
362 608
362 639
362 652
362 675
362 678
362 702
362 713
363 371
363 470
363 544
363 581
363 584
363 585
363 588
363 611
363 626
363 667
363 738
364 383
364 384
364 417
364 466
364 469
364 479
364 528
364 689
364 758
365 374
365 400
365 406
365 424
365 427
365 461
365 565
365 599
365 681
365 683
365 762
365 773
366 387
366 410
366 414
366 486
366 518
366 520
366 585
366 649
366 650
366 672
366 696
366 724
366 737
367 405
367 428
367 434
367 436
367 443
367 497
367 521
367 523
367 534
367 611
367 689
367 747
368 379
368 391
368 413
368 437
368 462
368 547
368 611
368 622
368 661
368 793
369 395
369 408
369 414
369 560
369 566
369 573
369 586
369 595
369 602
369 664
369 679
369 682
369 686
369 795
370 413
370 451
370 535
370 619
370 626
370 673
370 727
370 794
371 489
371 558
371 569
371 581
371 616
371 659
371 679
371 743
371 769
371 779
372 406
372 584
372 593
372 611
372 627
372 692
372 694
372 702
372 717
373 386
373 422
373 427
373 448
373 498
373 605
373 610
373 730
374 414
374 472
374 476
374 491
374 608
374 609
374 646
374 654
374 658
374 665
374 793
375 395
375 401
375 403
375 430
375 445
375 496
375 606
375 616
375 633
375 644
375 654
375 689
375 772
375 773
375 798
376 382
376 385
376 407
376 436
376 438
376 471
376 538
376 676
376 678
376 717
376 794
377 441
377 448
377 452
377 461
377 476
377 540
377 551
377 564
377 635
377 682
378 402
378 429
378 433
378 438
378 509
378 559
378 570
378 572
378 607
378 684
378 757
379 420
379 550
379 552
379 554
379 556
379 599
379 601
379 619
379 667
379 725
380 443
380 452
380 462
380 572
380 594
380 626
380 644
380 747
380 760
380 769
380 790
380 792
381 386
381 393
381 496
381 519
381 603
381 630
381 665
381 666
381 669
381 688
381 699
381 710
381 729
382 441
382 458
382 468
382 476
382 492
382 507
382 529
382 534
382 538
382 543
382 619
382 649
382 663
382 693
382 702
383 389
383 453
383 463
383 467
383 494
383 509
383 566
383 596
383 639
383 678
383 685
383 701
383 710
383 769
383 773
384 394
384 433
384 442
384 449
384 502
384 541
384 610
384 631
384 680
384 693
384 709
384 723
385 424
385 466
385 628
385 644
385 655
385 758
385 773
386 395
386 412
386 459
386 489
386 500
386 511
386 531
386 582
386 661
386 720
386 722
387 395
387 452
387 455
387 464
387 544
387 575
387 674
387 683
387 693
387 791
387 795
388 402
388 435
388 448
388 457
388 547
388 575
388 589
388 648
388 649
388 650
388 670
388 749
389 397
389 399
389 405
389 407
389 476
389 509
389 529
389 574
389 637
390 396
390 407
390 433
390 547
390 548
390 591
390 596
390 611
390 653
390 664
390 720
390 765
390 768
390 785
390 788
390 790
391 405
391 418
391 442
391 489
391 492
391 564
391 602
391 605
391 618
391 658
391 721
391 750
391 753
391 772
391 777
391 784
392 398
392 430
392 442
392 471
392 513
392 523
392 562
392 584
392 592
392 624
392 642
392 647
392 673
392 689
392 694
392 717
392 776
393 413
393 458
393 522
393 545
393 551
393 576
393 606
393 627
393 628
393 642
393 685
393 721
393 784
394 428
394 429
394 440
394 730
394 756
394 757
394 785
394 788
394 791
395 399
395 402
395 405
395 416
395 456
395 494
395 514
395 524
395 530
395 542
395 572
395 605
395 661
395 670
395 673
395 696
395 742
395 751
395 781
396 415
396 520
396 553
396 611
396 620
396 656
396 692
396 725
397 426
397 448
397 477
397 498
397 557
397 638
397 690
397 697
397 739
397 772
398 419
398 427
398 442
398 465
398 483
398 498
398 503
398 510
398 705
398 710
398 745
398 753
399 405
399 412
399 468
399 527
399 576
399 590
399 647
399 692
399 748
399 785
400 405
400 448
400 455
400 476
400 496
400 502
400 504
400 528
400 538
400 543
400 553
400 561
400 595
400 601
400 705
400 717
400 725
401 522
401 531
401 579
401 677
401 717
401 742
401 783
402 410
402 412
402 444
402 452
402 482
402 518
402 544
402 582
402 586
402 655
402 682
402 708
402 714
402 722
403 423
403 428
403 435
403 450
403 468
403 509
403 635
403 695
403 718
404 457
404 470
404 516
404 568
404 604
404 619
404 633
404 638
404 644
404 681
404 694
404 752
404 784
404 791
404 797
405 575
405 598
405 618
405 632
405 697
405 721
405 728
406 431
406 471
406 492
406 517
406 539
406 603
406 658
406 676
406 751
407 428
407 436
407 440
407 512
407 547
407 596
407 631
407 632
407 636
407 639
407 656
407 677
407 684
407 729
407 752
408 432
408 434
408 453
408 473
408 565
408 578
408 606
408 682
408 763
408 767
408 773
409 446
409 466
409 497
409 522
409 570
409 600
409 630
409 641
409 650
409 683
409 699
409 710
409 721
409 737
409 738
410 448
410 486
410 502
410 533
410 565
410 646
410 664
410 681
410 687
410 697
410 770
410 790
410 795
410 796
411 423
411 424
411 426
411 435
411 476
411 511
411 531
411 593
411 625
411 635
411 659
411 689
411 714
411 752
411 772
411 777
411 778
412 429
412 430
412 483
412 491
412 500
412 507
412 512
412 691
412 760
412 784
413 424
413 442
413 465
413 497
413 552
413 561
413 605
413 771
414 426
414 428
414 450
414 452
414 479
414 600
414 605
414 644
414 658
414 663
414 685
415 433
415 479
415 503
415 522
415 551
415 633
415 640
415 660
415 705
415 740
415 779
416 430
416 436
416 494
416 496
416 522
416 543
416 545
416 564
416 601
416 630
416 652
416 699
417 454
417 459
417 508
417 516
417 535
417 651
417 713
418 427
418 452
418 457
418 458
418 513
418 525
418 536
418 586
418 606
418 634
418 636
418 706
418 711
418 735
418 752
418 770
418 775
419 446
419 455
419 461
419 608
419 623
419 626
419 652
419 762
419 768
419 779
419 781
419 785
420 462
420 463
420 565
420 605
420 609
420 611
420 657
420 669
420 671
420 685
420 689
420 734
420 755
420 757
421 519
421 525
421 603
421 613
421 617
421 622
421 626
421 629
421 634
421 677
421 680
421 726
421 743
421 772
421 795
422 509
422 534
422 557
422 592
422 608
422 644
422 651
422 666
422 689
422 734
422 769
422 787
423 424
423 448
423 484
423 489
423 492
423 526
423 622
423 690
423 731
423 758
423 786
423 787
424 441
424 461
424 464
424 578
424 601
424 625
424 662
424 679
424 688
424 697
424 723
424 767
425 443
425 469
425 475
425 558
425 569
425 590
425 621
425 627
425 718
425 762
425 778
426 446
426 516
426 541
426 559
426 598
426 599
426 741
426 797
427 488
427 531
427 588
427 657
427 726
427 756
427 796
428 456
428 463
428 466
428 489
428 499
428 525
428 540
428 600
428 601
428 607
428 621
428 640
428 688
428 692
428 702
428 709
428 751
428 781
429 435
429 480
429 500
429 527
429 584
429 597
429 631
429 638
429 645
429 652
429 676
429 680
429 767
430 445
430 550
430 552
430 562
430 612
430 659
430 686
430 714
430 755
430 763
430 783
430 793
431 437
431 479
431 496
431 533
431 572
431 573
431 574
431 576
431 617
431 626
431 630
431 665
431 686
431 703
431 706
431 719
431 762
431 764
432 496
432 574
432 674
432 702
432 741
433 438
433 445
433 471
433 499
433 631
433 691
433 758
434 485
434 573
434 576
434 642
434 656
434 661
434 663
434 696
434 747
434 751
434 779
435 437
435 478
435 575
435 602
435 613
435 680
435 686
435 696
435 699
435 708
435 740
435 760
436 442
436 455
436 484
436 586
436 637
436 686
436 691
436 753
436 765
437 470
437 477
437 519
437 532
437 537
437 608
437 651
437 685
437 688
437 707
437 721
437 730
437 770
438 475
438 490
438 504
438 529
438 552
438 575
438 578
438 608
438 653
438 706
438 721
438 778
439 452
439 453
439 492
439 545
439 560
439 562
439 635
439 642
439 698
439 711
439 732
439 776
439 785
440 452
440 467
440 472
440 500
440 559
440 615
440 628
440 729
440 760
440 778
441 448
441 475
441 507
441 565
441 602
441 669
441 672
441 704
441 705
441 794
442 446
442 458
442 493
442 511
442 530
442 566
442 695
442 698
442 781
443 447
443 478
443 525
443 539
443 542
443 682
443 695
443 699
443 719
443 794
444 499
444 593
444 613
444 627
444 646
444 776
445 463
445 475
445 588
445 596
445 646
445 688
445 724
445 794
446 451
446 504
446 508
446 579
446 628
446 762
446 778
447 580
447 600
447 609
447 620
447 626
447 631
447 645
447 695
447 741
447 745
447 761
447 767
447 785
447 786
447 799
448 473
448 496
448 628
448 639
448 663
448 690
448 720
448 741
448 752
448 760
449 479
449 512
449 534
449 553
449 555
449 609
449 714
449 755
449 773
450 472
450 473
450 510
450 561
450 566
450 589
450 592
450 606
450 613
450 679
450 715
450 724
450 766
450 775
451 497
451 504
451 568
451 582
451 679
451 680
451 743
452 495
452 496
452 504
452 510
452 528
452 578
452 601
452 623
452 633
452 655
452 661
452 694
452 706
452 743
452 788
453 465
453 481
453 584
453 669
453 687
453 697
453 712
453 730
453 731
453 768
454 461
454 474
454 480
454 544
454 600
454 680
454 694
454 721
454 730
454 735
454 753
455 512
455 537
455 561
455 598
456 468
456 511
456 543
456 544
456 552
456 566
456 612
456 626
456 630
456 637
456 684
456 702
456 719
456 750
456 778
456 782
457 484
457 591
457 671
457 705
457 723
457 731
458 474
458 494
458 526
458 539
458 544
458 569
458 597
458 627
458 648
458 710
458 723
459 487
459 507
459 510
459 549
459 571
459 580
459 610
459 640
459 654
459 667
459 727
459 735
459 782
459 787
459 791
460 468
460 476
460 585
460 597
460 616
460 624
460 643
460 653
460 659
460 668
460 671
460 684
460 685
460 749
460 756
460 784
460 785
461 473
461 486
461 504
461 516
461 529
461 569
461 591
461 596
461 600
461 619
461 648
461 730
461 732
461 742
462 485
462 487
462 529
462 548
462 757
462 775
463 518
463 563
463 571
463 576
463 586
463 594
463 609
463 675
463 771
463 794
463 795
464 482
464 494
464 588
464 653
464 732
464 794
465 510
465 517
465 520
465 550
465 583
465 646
465 649
465 661
465 677
465 694
465 711
465 739
466 483
466 604
466 610
466 617
466 753
466 763
466 782
467 481
467 516
467 523
467 541
467 550
467 586
467 592
467 778
467 795
468 490
468 598
468 621
468 652
468 655
468 741
468 777
468 784
469 480
469 484
469 525
469 532
469 611
469 654
469 662
469 682
469 693
469 734
470 528
470 532
470 536
470 580
470 617
470 647
470 662
470 664
470 678
470 680
470 688
470 723
470 727
470 751
471 505
471 596
471 688
471 693
471 717
471 762
472 477
472 523
472 558
472 559
472 611
472 619
472 645
472 670
472 690
472 698
472 739
472 776
472 781
473 485
473 540
473 617
473 637
473 652
473 659
473 662
473 694
473 711
473 745
473 791
474 701
474 725
474 747
474 756
474 795
475 520
475 556
475 616
475 656
475 763
475 771
475 772
475 776
476 483
476 509
476 515
476 537
476 554
476 564
476 582
476 630
476 658
476 660
476 720
476 776
477 479
477 528
477 543
477 577
477 731
477 783
478 596
478 600
478 682
478 688
478 697
478 761
479 504
479 552
479 741
479 775
480 517
480 541
480 544
480 572
480 585
480 587
480 744
480 760
480 763
481 488
481 490
481 500
481 506
481 518
481 534
481 609
481 651
481 693
481 771
481 788
482 553
482 638
482 639
482 643
482 649
482 668
482 708
482 746
483 497
483 499
483 551
483 568
483 607
483 610
483 620
483 622
483 656
483 671
483 677
483 678
483 681
483 702
483 710
483 794
484 527
484 533
484 543
484 581
484 628
484 638
484 688
484 747
484 755
484 770
485 517
485 521
485 544
485 559
485 566
485 585
485 640
485 657
485 672
485 763
485 776
486 546
486 625
486 638
486 657
486 671
486 723
486 753
486 769
486 791
487 489
487 591
487 619
487 620
487 677
487 678
487 682
487 701
487 723
487 741
487 746
487 756
487 759
487 764
488 518
488 521
488 591
488 656
488 714
488 740
488 757
488 790
489 495
489 517
489 524
489 545
489 568
489 683
489 695
489 796
489 797
489 799
490 515
490 538
490 557
490 559
490 563
490 576
490 577
490 594
490 608
490 633
490 647
490 722
490 753
490 759
490 788
491 502
491 590
491 618
491 630
491 683
491 700
491 767
491 787
491 798
492 520
492 562
492 583
492 614
492 629
492 638
492 641
493 503
493 516
493 522
493 530
493 553
493 582
493 585
493 586
493 605
493 624
493 638
493 640
493 642
493 659
493 699
493 700
493 759
493 783
494 522
494 597
494 616
494 738
495 511
495 531
495 571
495 580
495 600
495 632
495 694
495 698
495 720
495 740
495 789
496 515
496 527
496 603
496 688
496 698
496 774
496 790
497 543
497 555
497 631
497 706
497 791
498 509
498 602
498 621
498 666
498 684
498 730
498 744
498 772
498 779
499 512
499 519
499 523
499 545
499 546
499 587
499 588
499 597
499 649
499 659
499 716
499 734
499 746
499 756
500 508
500 517
500 578
500 617
500 687
500 748
500 769
501 533
501 544
501 568
501 579
501 596
501 611
501 678
501 753
501 782
502 528
502 573
502 578
502 580
502 651
502 727
502 778
502 783
503 507
503 527
503 567
503 583
503 651
503 656
503 685
503 693
503 699
503 737
503 742
503 782
504 521
504 543
504 549
504 570
504 582
504 606
504 675
504 683
504 717
504 797
505 593
505 664
505 685
505 715
505 747
506 523
506 559
506 568
506 587
506 682
507 572
507 611
507 656
507 658
507 713
507 719
508 616
508 618
508 661
508 675
508 683
508 699
508 728
508 786
509 514
509 516
509 533
509 558
509 572
509 590
509 617
509 713
510 553
510 554
510 559
510 586
510 596
510 623
510 646
510 647
510 695
510 701
510 711
510 732
510 743
510 754
510 766
510 769
510 787
510 798
511 536
511 542
511 617
511 673
511 687
511 706
511 736
511 751
511 770
511 794
512 544
512 610
512 649
512 761
513 528
513 542
513 549
513 560
513 566
513 586
513 597
513 606
513 695
513 763
513 780
513 789
513 790
514 528
514 547
514 618
514 624
514 627
514 644
514 646
514 656
514 698
514 731
515 521
515 572
515 584
515 589
515 620
515 631
515 656
515 691
515 697
515 773
515 775
516 546
516 603
516 740
516 752
516 753
516 772
516 779
516 799
517 539
517 575
517 600
517 603
517 676
517 725
517 729
517 732
517 772
518 540
518 797
519 522
519 582
519 595
519 623
519 641
519 669
519 677
519 735
519 762
520 527
520 533
520 579
520 580
520 615
520 665
520 691
520 706
520 716
520 736
520 745
520 760
521 565
521 569
521 600
521 606
521 615
521 646
521 657
521 666
521 736
521 739
521 749
521 787
522 527
522 575
522 643
522 667
522 686
522 690
522 721
522 736
522 778
522 783
523 549
523 564
523 595
523 610
523 631
523 769
523 794
524 549
524 603
524 620
524 713
524 731
524 736
524 737
524 774
524 785
524 789
524 799
525 552
525 644
525 664
525 682
525 728
525 784
526 606
526 673
526 693
526 772
526 773
526 785
527 539
527 548
527 789
528 553
528 599
528 619
528 640
528 702
528 737
529 583
529 685
529 700
529 724
529 725
529 738
530 552
530 571
530 591
530 654
530 675
530 720
530 744
530 751
531 554
531 594
531 625
531 651
531 664
531 685
531 706
531 708
531 720
531 736
531 770
532 548
532 589
532 619
532 650
532 657
532 683
532 729
532 793
533 637
533 647
533 661
533 711
533 720
533 722
533 736
533 737
533 772
533 773
533 785
534 542
534 561
534 633
534 636
534 656
534 724
534 775
534 789
535 617
535 623
535 627
535 633
535 653
535 671
535 735
535 758
535 765
535 779
535 783
536 601
536 608
536 618
536 620
536 714
536 755
536 758
536 770
537 564
537 570
537 574
537 587
537 592
537 643
537 687
537 690
538 595
538 610
538 752
538 790
539 583
539 662
539 772
539 783
540 546
540 550
540 554
540 590
540 605
540 741
540 750
540 757
540 778
540 796
541 547
541 594
541 595
541 645
541 669
541 718
541 735
541 742
541 756
541 773
542 556
542 572
542 609
542 670
542 700
542 757
542 773
543 567
543 572
543 608
543 639
543 653
543 717
543 753
543 768
543 776
544 557
544 568
544 669
544 735
545 566
545 598
545 606
545 609
545 650
545 658
545 672
545 710
545 728
545 788
545 792
545 797
546 619
546 723
546 725
546 736
546 765
547 555
547 559
547 576
547 590
547 599
547 630
547 694
547 724
547 739
547 769
547 798
548 567
548 608
548 651
548 664
548 761
548 778
549 555
549 560
549 577
549 603
549 607
549 721
549 782
549 792
550 573
550 582
550 584
550 625
550 657
550 686
550 692
550 711
550 714
550 770
550 774
551 677
551 732
551 760
551 772
552 580
552 621
552 634
552 642
552 672
552 759
553 633
553 652
553 691
553 692
553 730
554 569
554 598
554 643
554 677
554 705
554 775
555 571
555 591
555 650
555 753
555 768
555 783
556 566
556 628
556 677
556 693
556 709
556 727
556 747
556 776
557 592
557 652
557 673
557 683
557 706
557 718
557 738
557 757
557 779
558 562
558 576
558 662
558 664
558 725
558 737
558 783
559 597
559 613
559 630
559 677
559 692
559 699
559 717
559 718
559 752
559 776
559 798
560 593
560 594
560 599
560 620
560 784
561 585
561 594
561 612
561 759
561 761
561 796
562 598
562 640
562 679
562 710
562 728
562 731
562 762
562 780
562 795
563 568
563 570
563 594
563 595
563 680
563 722
563 732
563 764
563 796
564 623
564 667
564 680
564 700
564 704
564 746
565 567
565 617
565 663
565 778
565 790
566 616
566 628
566 639
566 681
566 760
566 787
567 578
567 700
567 732
567 759
567 794
567 795
568 688
568 720
568 777
569 585
569 607
569 613
569 629
569 637
569 643
569 705
569 710
569 749
570 619
570 643
570 647
570 696
570 714
570 733
570 734
571 592
571 599
571 630
571 664
572 601
572 605
572 623
572 636
572 661
572 752
573 594
573 604
573 643
573 652
573 711
573 742
574 580
574 596
574 609
574 625
574 646
574 708
574 715
574 750
574 753
575 611
575 629
575 647
575 652
575 684
576 649
576 661
576 699
576 725
576 731
577 625
577 652
577 662
577 699
577 717
578 606
578 634
578 648
578 683
578 729
578 749
579 587
579 607
579 611
579 617
579 639
579 667
579 763
579 790
580 581
580 616
580 647
580 652
580 674
580 705
580 769
580 786
580 790
581 607
581 648
581 658
581 695
581 734
581 748
581 770
581 787
582 588
582 589
582 688
582 751
582 768
582 774
583 588
583 594
583 625
583 747
583 757
583 780
584 623
584 626
584 737
585 590
585 659
585 681
585 683
585 751
586 598
586 634
586 715
586 721
586 776
587 620
587 651
587 652
587 775
588 623
588 648
588 656
588 658
588 678
588 715
588 782
589 634
589 722
589 761
589 770
589 795
590 601
590 638
590 661
590 701
590 706
590 723
590 758
590 773
590 783
590 799
591 609
591 617
591 639
591 704
591 726
591 738
591 754
591 765
591 785
592 627
592 642
592 664
592 716
593 622
593 623
593 637
593 643
593 668
593 704
593 705
593 745
593 774
594 601
594 606
594 674
594 682
594 712
594 715
594 724
594 743
594 744
594 745
594 770
595 611
595 617
595 622
595 629
595 655
595 790
596 624
596 631
596 645
596 662
596 666
596 705
596 720
596 726
596 753
596 760
597 614
597 659
597 733
598 679
598 718
598 725
598 746
599 655
599 757
600 603
600 615
600 655
600 657
600 680
600 720
600 762
601 602
601 677
601 704
601 769
602 611
602 753
602 789
603 644
603 700
603 747
604 658
604 716
604 762
604 778
605 693
605 698
605 711
605 736
605 766
605 793
606 607
606 670
606 692
606 709
606 714
607 612
607 613
607 651
607 683
607 687
607 774
608 719
608 721
608 757
608 761
609 612
609 613
609 688
609 754
609 793
610 621
610 668
610 683
610 771
611 658
611 685
611 689
611 701
611 758
612 618
612 635
612 646
612 667
612 708
612 759
612 770
612 771
613 648
613 657
613 722
613 732
613 753
613 767
613 783
613 798
614 676
614 700
614 702
614 717
614 790
615 660
615 780
616 651
616 680
616 695
616 725
617 625
617 626
617 712
618 622
618 643
618 681
618 708
618 736
618 749
618 781
618 793
619 693
619 762
619 774
619 780
619 789
619 791
619 793
619 797
620 641
620 680
620 683
620 737
620 741
620 764
620 772
621 686
621 710
621 728
621 729
621 743
622 640
622 653
622 708
622 721
622 756
622 762
623 650
623 652
623 702
623 704
623 735
623 793
624 661
624 665
624 683
624 763
624 785
625 657
625 662
625 664
625 710
625 724
625 735
625 769
625 770
626 671
626 777
626 783
626 785
626 791
627 632
627 680
627 732
627 747
627 773
627 777
627 799
628 663
628 692
628 717
628 725
628 771
629 665
629 719
629 757
629 784
630 672
630 696
630 705
630 725
630 778
630 791
631 642
631 666
631 688
631 702
631 737
631 758
631 770
631 799
632 637
632 658
632 702
632 727
632 731
632 740
633 651
633 690
633 726
633 745
633 757
633 769
634 637
634 684
634 716
634 763
635 665
635 686
635 704
635 798
636 639
636 653
636 728
636 773
637 704
637 715
637 756
638 646
638 670
638 792
639 647
639 682
640 699
640 743
640 792
641 645
641 690
641 742
641 748
641 785
641 787
642 646
642 651
642 767
642 772
642 778
643 653
643 753
643 760
644 647
644 685
644 694
644 779
645 647
645 671
645 689
645 697
645 707
645 743
645 765
646 715
646 732
646 745
646 798
647 685
647 744
647 795
647 797
648 665
648 686
648 717
648 734
649 696
649 772
649 780
649 791
650 655
650 657
650 688
650 725
650 733
650 734
650 746
650 755
650 766
650 780
651 667
651 690
651 695
652 701
652 739
652 745
652 765
652 772
653 685
653 688
653 756
653 774
653 781
654 684
654 698
654 717
654 718
654 766
654 787
655 700
655 713
656 674
656 679
656 687
656 691
656 726
656 740
656 744
656 747
656 794
657 677
657 740
657 748
657 763
657 770
657 776
657 778
657 780
657 791
658 681
658 708
658 744
658 764
658 777
658 796
659 673
659 679
659 695
659 737
659 763
660 676
660 717
660 725
660 775
660 794
661 688
661 717
661 739
661 771
661 775
661 793
662 694
662 704
662 723
662 735
662 743
662 747
663 675
663 770
663 784
664 670
664 689
665 747
665 771
665 797
666 670
666 715
666 718
666 738
666 749
666 774
666 797
667 669
667 753
668 687
668 696
668 748
668 749
668 769
669 694
669 712
669 714
669 715
669 725
669 755
670 729
670 752
671 692
671 708
671 712
672 686
672 717
672 746
672 775
673 681
673 717
673 722
673 760
673 765
674 683
674 686
674 705
674 792
675 687
675 704
675 734
675 773
675 789
676 693
676 703
676 754
676 773
677 693
677 767
677 794
678 686
679 689
679 726
679 734
679 736
679 778
679 788
679 797
680 728
680 775
680 786
680 787
681 742
681 746
681 757
681 771
681 780
681 782
681 796
682 696
682 747
683 703
683 745
683 751
683 763
683 766
683 790
684 765
685 709
685 730
685 784
686 698
686 719
686 758
686 759
687 704
687 708
687 709
687 745
687 784
688 689
688 708
688 778
689 707
689 750
689 755
689 765
689 775
689 782
689 783
689 787
690 693
690 704
690 714
690 737
690 779
691 732
691 740
691 786
692 751
693 700
693 716
693 722
693 737
694 701
694 705
694 716
694 757
694 789
695 699
695 711
695 738
695 747
695 748
695 762
696 700
696 702
696 712
696 732
696 736
696 771
696 778
697 721
697 754
698 726
698 732
699 733
699 750
700 708
700 739
700 753
700 784
701 721
701 732
701 750
701 782
702 723
702 740
702 786
703 718
704 706
705 711
705 721
705 735
705 757
705 781
706 727
706 736
706 758
706 771
707 758
707 764
707 776
707 782
708 710
708 726
708 731
708 743
708 747
708 766
708 783
709 717
709 788
710 722
710 758
710 776
711 760
712 719
712 760
713 739
713 762
713 768
713 769
714 758
715 725
715 770
715 771
716 720
716 730
716 765
716 786
717 739
717 772
718 730
718 757
719 786
720 760
720 778
720 795
721 749
721 758
721 774
722 742
722 758
722 762
722 767
722 781
722 791
723 745
724 729
724 756
725 745
725 756
725 763
725 772
726 738
727 779
728 742
729 766
729 776
729 794
730 742
730 743
730 769
730 788
732 750
732 753
732 762
732 776
732 788
734 762
734 784
735 747
735 759
735 772
736 747
736 761
736 764
736 792
737 738
737 739
737 741
737 795
739 790
741 757
742 799
743 753
743 756
743 768
743 784
743 791
744 757
744 760
744 767
744 782
746 759
746 762
746 785
747 770
749 756
749 757
750 789
751 798
752 768
752 798
753 767
753 779
753 780
753 783
753 796
756 766
756 788
757 789
759 782
763 765
763 795
764 797
765 781
765 788
767 779
767 794
767 798
768 770
768 793
770 776
770 791
770 795
772 778
774 775
776 794
777 778
778 784
778 792
779 796
781 798
782 788
784 791
784 798
786 793
787 796
789 799
791 796
794 798
796 798
