200 10000
1 2
1 3
1 4
1 5
1 6
1 7
1 8
1 9
1 10
1 11
1 12
1 13
1 14
1 16
1 17
1 18
1 20
1 21
1 23
1 24
1 25
1 26
1 27
1 28
1 29
1 30
1 31
1 32
1 33
1 34
1 35
1 36
1 37
1 40
1 41
1 42
1 44
1 45
1 46
1 48
1 49
1 51
1 52
1 53
1 56
1 57
1 58
1 59
1 60
1 61
1 62
1 64
1 67
1 68
1 69
1 71
1 72
1 73
1 76
1 77
1 78
1 79
1 80
1 81
1 83
1 85
1 86
1 87
1 88
1 89
1 90
1 91
1 92
1 93
1 95
1 96
1 97
1 98
1 99
1 100
1 104
1 105
1 106
1 108
1 109
1 110
1 111
1 112
1 113
1 114
1 115
1 116
1 117
1 118
1 119
1 120
1 121
1 123
1 124
1 125
1 126
1 127
1 128
1 129
1 130
1 131
1 132
1 133
1 135
1 136
1 137
1 138
1 139
1 141
1 143
1 145
1 146
1 147
1 148
1 149
1 150
1 151
1 152
1 153
1 154
1 155
1 156
1 157
1 158
1 159
1 161
1 162
1 163
1 166
1 167
1 168
1 169
1 170
1 172
1 173
1 175
1 176
1 177
1 178
1 179
1 180
1 181
1 182
1 183
1 184
1 185
1 186
1 187
1 188
1 191
1 192
1 193
1 194
1 196
1 197
1 198
1 199
1 200
1 201
1 203
1 204
1 205
1 206
1 207
1 208
1 209
1 210
1 211
1 212
1 213
1 214
1 215
1 216
1 217
1 219
1 220
1 221
1 222
1 223
1 224
1 225
1 226
1 227
1 228
1 230
1 231
1 232
1 233
1 234
1 235
1 236
1 238
1 241
1 242
1 243
1 244
1 245
1 246
1 247
1 248
1 249
1 250
1 251
1 252
1 253
1 254
1 255
1 256
1 257
1 258
1 259
1 260
1 261
1 262
1 263
1 264
1 265
1 267
1 268
1 269
1 270
1 271
1 272
1 275
1 276
1 278
1 279
1 280
1 281
1 282
1 283
1 284
1 286
1 287
1 288
1 291
1 292
1 293
1 295
1 296
1 297
1 298
1 299
1 300
1 302
1 303
1 304
1 306
1 307
1 308
1 309
1 311
1 312
1 313
1 314
1 315
1 316
1 318
1 320
1 322
1 323
1 324
1 325
1 326
1 327
1 328
1 329
1 330
1 332
1 333
1 334
1 335
1 336
1 339
1 341
1 342
1 343
1 344
1 345
1 346
1 347
1 348
1 349
1 350
1 351
1 353
1 354
1 355
1 356
1 357
1 358
1 359
1 360
1 362
1 365
1 366
1 367
1 368
1 369
1 370
1 371
1 372
1 373
1 375
1 376
1 377
1 379
1 381
1 383
1 384
1 385
1 386
1 387
1 388
1 389
1 390
1 391
1 392
1 393
1 394
1 395
1 396
1 398
1 399
1 401
1 402
1 403
1 404
1 405
1 406
1 407
1 408
1 409
1 410
1 411
1 412
1 413
1 414
1 415
1 416
1 423
1 424
1 425
1 427
1 428
1 430
1 431
1 432
1 433
1 434
1 435
1 437
1 438
1 439
1 440
1 441
1 442
1 443
1 444
1 445
1 446
1 447
1 448
1 449
1 451
1 453
1 456
1 457
1 458
1 459
1 460
1 461
1 462
1 463
1 465
1 466
1 467
1 468
1 470
1 471
1 472
1 473
1 474
1 475
1 476
1 477
1 479
1 480
1 481
1 483
1 484
1 485
1 486
1 487
1 488
1 489
1 490
1 492
1 494
1 495
1 496
1 497
1 498
1 499
1 500
1 501
1 502
1 503
1 505
1 506
1 508
1 509
1 510
1 511
1 512
1 513
1 514
1 516
1 519
1 520
1 521
1 523
1 524
1 525
1 526
1 527
1 529
1 530
1 533
1 534
1 535
1 537
1 538
1 539
1 540
1 541
1 542
1 543
1 544
1 545
1 547
1 549
1 550
1 551
1 552
1 553
1 554
1 555
1 556
1 557
1 559
1 560
1 561
1 562
1 563
1 565
1 566
1 567
1 568
1 569
1 570
1 571
1 573
1 574
1 576
1 577
1 578
1 580
1 581
1 584
1 586
1 587
1 589
1 593
1 594
1 596
1 597
1 598
1 599
1 603
1 604
1 605
1 606
1 607
1 608
1 609
1 610
1 611
1 612
1 613
1 614
1 615
1 616
1 617
1 618
1 621
1 622
1 623
1 624
1 625
1 626
1 627
1 628
1 631
1 632
1 633
1 634
1 635
1 636
1 637
1 638
1 639
1 640
1 641
1 643
1 644
1 645
1 646
1 647
1 648
1 650
1 652
1 653
1 654
1 655
1 657
1 660
1 661
1 662
1 663
1 664
1 666
1 667
1 668
1 669
1 670
1 671
1 673
1 674
1 675
1 676
1 679
1 680
1 681
1 682
1 683
1 684
1 686
1 687
1 688
1 689
1 690
1 691
1 692
1 694
1 695
1 696
1 697
1 698
1 699
1 700
1 701
1 704
1 706
1 707
1 708
1 709
1 710
1 711
1 712
1 713
1 714
1 715
1 716
1 717
1 718
1 719
1 720
1 721
1 722
1 723
1 724
1 726
1 727
1 731
1 733
1 734
1 735
1 737
1 738
1 739
1 740
1 741
1 742
1 744
1 745
1 746
1 748
1 749
1 750
1 751
1 752
1 753
1 754
1 755
1 756
1 757
1 758
1 759
1 760
1 761
1 763
1 764
1 765
1 766
1 767
1 768
1 769
1 770
1 772
1 773
1 774
1 776
1 777
1 779
1 780
1 781
1 782
1 783
1 784
1 785
1 787
1 790
1 791
1 792
1 795
1 796
1 797
1 798
1 799
2 3
2 5
2 6
2 9
2 10
2 11
2 12
2 14
2 15
2 18
2 19
2 20
2 21
2 22
2 23
2 24
2 26
2 27
2 29
2 31
2 33
2 36
2 37
2 38
2 39
2 40
2 41
2 43
2 44
2 45
2 47
2 48
2 49
2 50
2 51
2 52
2 54
2 55
2 57
2 58
2 59
2 60
2 63
2 64
2 65
2 66
2 67
2 68
2 69
2 71
2 72
2 73
2 74
2 75
2 76
2 77
2 78
2 79
2 80
2 81
2 82
2 84
2 85
2 86
2 87
2 88
2 89
2 90
2 91
2 93
2 94
2 95
2 96
2 97
2 98
2 99
2 100
2 101
2 103
2 104
2 105
2 106
2 109
2 111
2 112
2 113
2 114
2 115
2 116
2 118
2 119
2 120
2 121
2 122
2 123
2 124
2 126
2 127
2 129
2 130
2 131
2 133
2 134
2 136
2 137
2 138
2 139
2 140
2 141
2 142
2 143
2 144
2 145
2 147
2 148
2 149
2 150
2 152
2 154
2 155
2 156
2 157
2 158
2 160
2 162
2 164
2 165
2 166
2 167
2 168
2 169
2 170
2 171
2 173
2 174
2 175
2 178
2 179
2 180
2 181
2 183
2 184
2 185
2 186
2 188
2 189
2 190
2 191
2 192
2 193
2 194
2 196
2 198
2 200
2 201
2 202
2 203
2 204
2 206
2 207
2 209
2 210
2 211
2 212
2 213
2 214
2 215
2 216
2 217
2 218
2 221
2 222
2 223
2 224
2 225
2 226
2 227
2 228
2 229
2 231
2 232
2 233
2 234
2 235
2 236
2 238
2 239
2 241
2 242
2 243
2 244
2 245
2 246
2 247
2 249
2 250
2 251
2 252
2 253
2 254
2 255
2 256
2 257
2 259
2 260
2 261
2 262
2 264
2 265
2 266
2 267
2 268
2 269
2 270
2 271
2 273
2 274
2 275
2 277
2 279
2 280
2 281
2 283
2 284
2 285
2 286
2 287
2 288
2 289
2 290
2 291
2 292
2 293
2 294
2 295
2 296
2 297
2 298
2 299
2 300
2 301
2 302
2 303
2 304
2 305
2 306
2 307
2 308
2 309
2 311
2 312
2 313
2 314
2 315
2 316
2 317
2 318
2 319
2 320
2 323
2 324
2 325
2 326
2 327
2 329
2 331
2 332
2 334
2 335
2 336
2 337
2 339
2 340
2 341
2 342
2 343
2 344
2 346
2 347
2 350
2 351
2 353
2 354
2 356
2 357
2 359
2 360
2 361
2 362
2 363
2 364
2 365
2 367
2 368
2 369
2 370
2 371
2 372
2 373
2 374
2 375
2 376
2 378
2 379
2 380
2 381
2 382
2 383
2 384
2 385
2 387
2 388
2 389
2 390
2 391
2 392
2 393
2 396
2 398
2 399
2 400
2 402
2 404
2 405
2 406
2 407
2 409
2 410
2 411
2 412
2 413
2 414
2 415
2 416
2 417
2 418
2 420
2 421
2 422
2 423
2 425
2 426
2 428
2 429
2 431
2 433
2 434
2 436
2 437
2 439
2 440
2 441
2 442
2 443
2 444
2 446
2 447
2 448
2 449
2 450
2 451
2 454
2 455
2 456
2 457
2 458
2 459
2 460
2 461
2 462
2 463
2 465
2 467
2 471
2 473
2 475
2 476
2 477
2 478
2 479
2 481
2 482
2 483
2 487
2 488
2 489
2 490
2 491
2 494
2 495
2 498
2 499
2 500
2 501
2 502
2 504
2 506
2 507
2 508
2 509
2 510
2 511
2 512
2 514
2 515
2 516
2 517
2 518
2 519
2 520
2 521
2 522
2 524
2 525
2 526
2 528
2 530
2 531
2 532
2 536
2 538
2 541
2 542
2 543
2 544
2 546
2 548
2 550
2 551
2 552
2 553
2 554
2 555
2 556
2 557
2 559
2 562
2 563
2 564
2 566
2 567
2 569
2 570
2 571
2 572
2 573
2 574
2 575
2 576
2 577
2 580
2 581
2 582
2 583
2 584
2 585
2 586
2 587
2 588
2 589
2 590
2 591
2 592
2 594
2 596
2 597
2 598
2 599
2 600
2 601
2 602
2 604
2 605
2 606
2 607
2 608
2 609
2 610
2 612
2 613
2 614
2 615
2 616
2 618
2 619
2 620
2 621
2 622
2 623
2 624
2 625
2 626
2 627
2 628
2 629
2 630
2 631
2 632
2 633
2 635
2 636
2 637
2 639
2 640
2 641
2 642
2 643
2 644
2 645
2 648
2 649
2 650
2 652
2 653
2 657
2 658
2 659
2 660
2 662
2 663
2 664
2 665
2 666
2 667
2 668
2 670
2 671
2 672
2 673
2 674
2 676
2 677
2 678
2 679
2 680
2 681
2 682
2 684
2 685
2 686
2 687
2 688
2 690
2 692
2 693
2 694
2 696
2 697
2 698
2 699
2 700
2 702
2 703
2 704
2 705
2 706
2 707
2 708
2 709
2 710
2 711
2 712
2 713
2 714
2 716
2 717
2 718
2 719
2 720
2 722
2 723
2 725
2 726
2 728
2 729
2 730
2 732
2 733
2 734
2 735
2 736
2 737
2 738
2 740
2 741
2 744
2 745
2 746
2 749
2 750
2 751
2 752
2 754
2 755
2 756
2 757
2 758
2 759
2 760
2 761
2 762
2 763
2 766
2 767
2 768
2 769
2 770
2 771
2 772
2 773
2 774
2 775
2 777
2 778
2 779
2 780
2 781
2 782
2 783
2 784
2 785
2 786
2 787
2 788
2 790
2 792
2 793
2 794
2 795
2 796
2 798
2 799
3 4
3 5
3 6
3 7
3 8
3 9
3 10
3 11
3 12
3 13
3 14
3 15
3 16
3 18
3 19
3 20
3 22
3 23
3 24
3 26
3 29
3 30
3 31
3 32
3 33
3 34
3 36
3 37
3 38
3 39
3 40
3 41
3 42
3 43
3 44
3 45
3 46
3 47
3 48
3 49
3 50
3 51
3 52
3 53
3 54
3 55
3 56
3 59
3 61
3 62
3 64
3 65
3 66
3 67
3 69
3 71
3 72
3 74
3 75
3 77
3 78
3 80
3 81
3 82
3 83
3 84
3 86
3 89
3 90
3 92
3 94
3 95
3 96
3 97
3 98
3 99
3 100
3 101
3 102
3 103
3 104
3 105
3 106
3 107
3 109
3 110
3 111
3 112
3 113
3 114
3 115
3 117
3 119
3 120
3 121
3 122
3 123
3 124
3 126
3 127
3 128
3 129
3 130
3 131
3 132
3 133
3 135
3 136
3 137
3 138
3 139
3 140
3 143
3 144
3 146
3 147
3 148
3 149
3 150
3 151
3 152
3 153
3 154
3 155
3 157
3 159
3 160
3 161
3 162
3 163
3 164
3 165
3 166
3 167
3 168
3 169
3 170
3 171
3 172
3 173
3 174
3 175
3 176
3 177
3 180
3 181
3 182
3 183
3 184
3 185
3 186
3 187
3 188
3 190
3 191
3 192
3 193
3 194
3 195
3 196
3 198
3 199
3 200
3 201
3 202
3 203
3 204
3 206
3 207
3 208
3 209
3 210
3 211
3 212
3 213
3 214
3 217
3 219
3 221
3 222
3 223
3 224
3 225
3 226
3 227
3 228
3 229
3 230
3 231
3 232
3 233
3 234
3 236
3 237
3 238
3 239
3 240
3 241
3 242
3 243
3 245
3 246
3 247
3 248
3 249
3 250
3 251
3 253
3 254
3 255
3 257
3 259
3 260
3 261
3 262
3 263
3 264
3 265
3 266
3 268
3 269
3 270
3 271
3 272
3 273
3 277
3 278
3 281
3 282
3 284
3 285
3 286
3 287
3 288
3 289
3 290
3 291
3 293
3 294
3 295
3 296
3 299
3 300
3 301
3 302
3 303
3 304
3 305
3 306
3 307
3 308
3 309
3 310
3 311
3 313
3 314
3 315
3 316
3 317
3 318
3 320
3 321
3 323
3 324
3 325
3 327
3 328
3 329
3 330
3 331
3 332
3 333
3 335
3 336
3 337
3 338
3 339
3 340
3 341
3 342
3 343
3 346
3 347
3 348
3 349
3 350
3 351
3 352
3 353
3 355
3 356
3 357
3 358
3 359
3 360
3 361
3 362
3 363
3 364
3 366
3 367
3 368
3 369
3 370
3 371
3 372
3 373
3 374
3 375
3 378
3 379
3 380
3 381
3 382
3 383
3 384
3 385
3 386
3 387
3 389
3 390
3 391
3 392
3 394
3 395
3 396
3 397
3 398
3 400
3 401
3 402
3 403
3 405
3 406
3 407
3 408
3 409
3 410
3 411
3 412
3 413
3 414
3 415
3 416
3 417
3 418
3 419
3 420
3 422
3 425
3 427
3 428
3 429
3 430
3 431
3 432
3 433
3 436
3 437
3 438
3 439
3 440
3 441
3 442
3 443
3 444
3 446
3 447
3 448
3 449
3 450
3 451
3 454
3 456
3 457
3 458
3 460
3 462
3 463
3 464
3 466
3 467
3 468
3 470
3 471
3 472
3 473
3 474
3 475
3 476
3 477
3 479
3 482
3 483
3 485
3 487
3 488
3 489
3 490
3 491
3 492
3 494
3 495
3 496
3 498
3 499
3 500
3 501
3 502
3 503
3 505
3 506
3 509
3 510
3 511
3 513
3 514
3 515
3 519
3 520
3 522
3 523
3 524
3 526
3 527
3 529
3 530
3 531
3 532
3 533
3 534
3 535
3 536
3 537
3 538
3 539
3 540
3 541
3 542
3 543
3 544
3 547
3 548
3 550
3 551
3 552
3 553
3 555
3 556
3 557
3 558
3 560
3 562
3 563
3 565
3 566
3 567
3 568
3 569
3 570
3 571
3 572
3 574
3 575
3 576
3 577
3 578
3 579
3 580
3 581
3 582
3 583
3 585
3 586
3 587
3 588
3 589
3 590
3 591
3 593
3 594
3 595
3 596
3 597
3 598
3 600
3 601
3 602
3 603
3 604
3 605
3 606
3 607
3 608
3 610
3 611
3 612
3 613
3 614
3 615
3 616
3 617
3 618
3 620
3 621
3 622
3 623
3 625
3 626
3 627
3 628
3 629
3 630
3 631
3 632
3 633
3 634
3 636
3 637
3 638
3 640
3 641
3 642
3 645
3 646
3 647
3 651
3 652
3 653
3 654
3 655
3 656
3 657
3 658
3 660
3 661
3 662
3 663
3 664
3 665
3 666
3 667
3 668
3 669
3 670
3 671
3 672
3 673
3 674
3 676
3 677
3 678
3 679
3 680
3 681
3 686
3 687
3 688
3 689
3 690
3 691
3 693
3 695
3 696
3 697
3 698
3 700
3 701
3 702
3 704
3 705
3 706
3 707
3 709
3 711
3 712
3 713
3 714
3 715
3 716
3 717
3 718
3 719
3 720
3 721
3 722
3 723
3 724
3 725
3 726
3 727
3 728
3 730
3 731
3 733
3 734
3 735
3 736
3 737
3 738
3 740
3 741
3 742
3 743
3 745
3 746
3 747
3 749
3 750
3 751
3 752
3 754
3 755
3 756
3 757
3 758
3 759
3 760
3 761
3 763
3 764
3 766
3 767
3 768
3 769
3 770
3 771
3 772
3 773
3 774
3 775
3 776
3 777
3 779
3 780
3 781
3 783
3 784
3 785
3 786
3 787
3 788
3 789
3 790
3 792
3 793
3 794
3 795
3 796
3 797
4 5
4 6
4 7
4 8
4 9
4 11
4 12
4 13
4 15
4 16
4 17
4 19
4 20
4 21
4 22
4 23
4 25
4 26
4 27
4 28
4 29
4 30
4 31
4 32
4 33
4 34
4 35
4 37
4 38
4 39
4 40
4 41
4 42
4 43
4 44
4 46
4 47
4 48
4 50
4 52
4 54
4 55
4 56
4 57
4 58
4 60
4 61
4 62
4 63
4 64
4 65
4 68
4 69
4 70
4 71
4 72
4 75
4 76
4 78
4 79
4 80
4 82
4 83
4 85
4 86
4 87
4 89
4 90
4 91
4 92
4 93
4 94
4 95
4 96
4 97
4 98
4 99
4 100
4 101
4 102
4 103
4 104
4 105
4 106
4 107
4 108
4 110
4 111
4 112
4 114
4 115
4 118
4 120
4 121
4 122
4 124
4 125
4 126
4 128
4 129
4 132
4 133
4 134
4 135
4 136
4 137
4 140
4 144
4 145
4 146
4 149
4 150
4 153
4 155
4 156
4 158
4 160
4 162
4 163
4 164
4 166
4 167
4 168
4 169
4 170
4 171
4 172
4 173
4 174
4 176
4 177
4 178
4 179
4 180
4 181
4 182
4 183
4 185
4 186
4 187
4 188
4 189
4 190
4 191
4 192
4 194
4 195
4 196
4 197
4 199
4 200
4 201
4 202
4 203
4 204
4 205
4 207
4 208
4 209
4 210
4 212
4 213
4 215
4 216
4 217
4 218
4 220
4 221
4 222
4 223
4 224
4 225
4 227
4 228
4 229
4 230
4 231
4 232
4 233
4 234
4 235
4 236
4 237
4 239
4 241
4 242
4 244
4 246
4 247
4 248
4 249
4 250
4 251
4 253
4 256
4 258
4 259
4 260
4 261
4 262
4 266
4 267
4 268
4 269
4 270
4 271
4 272
4 274
4 275
4 276
4 278
4 279
4 281
4 282
4 283
4 284
4 286
4 287
4 289
4 292
4 293
4 294
4 295
4 296
4 299
4 300
4 301
4 302
4 303
4 305
4 306
4 307
4 308
4 309
4 310
4 311
4 312
4 313
4 315
4 316
4 317
4 319
4 320
4 323
4 324
4 325
4 326
4 327
4 328
4 329
4 330
4 331
4 332
4 333
4 336
4 337
4 339
4 340
4 341
4 342
4 343
4 344
4 346
4 348
4 350
4 352
4 353
4 354
4 355
4 356
4 358
4 359
4 361
4 362
4 363
4 364
4 365
4 366
4 368
4 369
4 370
4 371
4 372
4 375
4 376
4 377
4 378
4 379
4 381
4 382
4 383
4 384
4 385
4 386
4 390
4 391
4 392
4 393
4 394
4 395
4 397
4 398
4 399
4 400
4 401
4 402
4 403
4 405
4 406
4 407
4 408
4 409
4 410
4 411
4 413
4 414
4 415
4 416
4 417
4 418
4 419
4 420
4 421
4 422
4 424
4 425
4 426
4 428
4 429
4 431
4 432
4 434
4 435
4 436
4 437
4 438
4 439
4 440
4 441
4 442
4 443
4 444
4 445
4 446
4 447
4 450
4 451
4 452
4 453
4 454
4 455
4 456
4 457
4 458
4 459
4 460
4 461
4 462
4 463
4 464
4 465
4 466
4 467
4 468
4 469
4 470
4 472
4 474
4 476
4 477
4 480
4 484
4 486
4 487
4 488
4 489
4 490
4 491
4 492
4 494
4 495
4 496
4 497
4 498
4 499
4 500
4 501
4 503
4 505
4 506
4 507
4 508
4 509
4 511
4 513
4 514
4 515
4 516
4 517
4 518
4 520
4 521
4 522
4 523
4 524
4 525
4 526
4 527
4 528
4 529
4 530
4 531
4 532
4 534
4 535
4 536
4 537
4 538
4 539
4 540
4 541
4 542
4 543
4 545
4 546
4 547
4 548
4 549
4 550
4 551
4 552
4 553
4 554
4 556
4 558
4 559
4 560
4 562
4 563
4 564
4 566
4 567
4 568
4 570
4 571
4 572
4 573
4 574
4 575
4 576
4 577
4 578
4 579
4 582
4 583
4 584
4 585
4 586
4 587
4 588
4 589
4 590
4 591
4 593
4 594
4 595
4 596
4 598
4 599
4 600
4 601
4 603
4 604
4 605
4 606
4 608
4 610
4 611
4 612
4 613
4 614
4 615
4 616
4 617
4 618
4 619
4 620
4 621
4 622
4 623
4 624
4 625
4 626
4 627
4 628
4 629
4 630
4 631
4 633
4 634
4 635
4 636
4 637
4 638
4 640
4 641
4 644
4 645
4 647
4 648
4 649
4 650
4 651
4 652
4 653
4 654
4 655
4 656
4 658
4 659
4 660
4 661
4 662
4 666
4 667
4 668
4 669
4 670
4 671
4 672
4 673
4 674
4 675
4 676
4 680
4 681
4 683
4 684
4 685
4 687
4 688
4 689
4 690
4 691
4 692
4 693
4 694
4 695
4 696
4 697
4 699
4 700
4 701
4 703
4 704
4 705
4 706
4 707
4 708
4 709
4 710
4 711
4 713
4 714
4 715
4 717
4 718
4 719
4 720
4 721
4 722
4 723
4 726
4 727
4 728
4 729
4 730
4 731
4 732
4 733
4 735
4 736
4 737
4 738
4 739
4 742
4 743
4 744
4 745
4 746
4 748
4 749
4 750
4 751
4 752
4 753
4 754
4 755
4 756
4 758
4 759
4 760
4 761
4 762
4 764
4 765
4 766
4 767
4 768
4 769
4 770
4 772
4 776
4 777
4 778
4 779
4 780
4 781
4 782
4 783
4 785
4 786
4 787
4 788
4 789
4 790
4 791
4 792
4 794
4 796
4 798
4 799
5 6
5 7
5 8
5 9
5 10
5 11
5 12
5 13
5 14
5 15
5 16
5 18
5 19
5 20
5 21
5 22
5 23
5 24
5 25
5 26
5 27
5 28
5 30
5 33
5 36
5 37
5 39
5 40
5 41
5 42
5 43
5 44
5 46
5 47
5 48
5 49
5 50
5 51
5 54
5 55
5 56
5 57
5 58
5 59
5 60
5 61
5 62
5 63
5 64
5 65
5 66
5 67
5 69
5 71
5 72
5 73
5 74
5 75
5 76
5 77
5 79
5 82
5 83
5 84
5 85
5 86
5 87
5 88
5 89
5 91
5 92
5 93
5 94
5 95
5 96
5 99
5 100
5 101
5 102
5 103
5 105
5 106
5 107
5 109
5 110
5 112
5 113
5 114
5 115
5 117
5 118
5 119
5 121
5 122
5 123
5 124
5 125
5 126
5 127
5 128
5 129
5 130
5 131
5 132
5 133
5 134
5 135
5 138
5 140
5 142
5 143
5 144
5 146
5 147
5 148
5 149
5 150
5 151
5 154
5 155
5 156
5 157
5 158
5 159
5 160
5 161
5 162
5 163
5 164
5 165
5 167
5 168
5 169
5 170
5 171
5 172
5 173
5 176
5 177
5 179
5 180
5 181
5 182
5 183
5 184
5 185
5 186
5 187
5 188
5 189
5 190
5 191
5 193
5 194
5 195
5 196
5 197
5 198
5 200
5 201
5 203
5 204
5 205
5 206
5 207
5 208
5 209
5 210
5 211
5 212
5 213
5 214
5 216
5 217
5 218
5 219
5 220
5 221
5 223
5 224
5 225
5 226
5 227
5 228
5 229
5 230
5 231
5 232
5 233
5 234
5 236
5 237
5 238
5 239
5 240
5 241
5 242
5 245
5 246
5 247
5 248
5 249
5 251
5 253
5 255
5 256
5 257
5 258
5 259
5 260
5 261
5 262
5 263
5 265
5 266
5 267
5 268
5 269
5 270
5 271
5 272
5 274
5 275
5 276
5 277
5 279
5 280
5 281
5 282
5 283
5 284
5 285
5 287
5 288
5 289
5 291
5 292
5 293
5 294
5 296
5 298
5 299
5 300
5 301
5 303
5 304
5 305
5 307
5 309
5 310
5 311
5 312
5 313
5 314
5 315
5 316
5 317
5 318
5 319
5 320
5 321
5 322
5 323
5 324
5 325
5 326
5 327
5 329
5 331
5 332
5 334
5 335
5 336
5 337
5 338
5 339
5 340
5 341
5 342
5 345
5 347
5 348
5 349
5 350
5 351
5 352
5 353
5 354
5 355
5 356
5 357
5 359
5 360
5 361
5 363
5 364
5 365
5 366
5 367
5 369
5 370
5 371
5 372
5 373
5 374
5 375
5 376
5 377
5 378
5 379
5 380
5 381
5 382
5 383
5 384
5 385
5 386
5 387
5 389
5 390
5 391
5 392
5 393
5 395
5 396
5 398
5 399
5 400
5 401
5 402
5 403
5 404
5 407
5 408
5 409
5 410
5 411
5 412
5 413
5 414
5 415
5 416
5 417
5 418
5 419
5 420
5 421
5 424
5 425
5 426
5 427
5 428
5 429
5 430
5 432
5 433
5 434
5 435
5 436
5 437
5 438
5 439
5 440
5 441
5 442
5 443
5 444
5 445
5 448
5 449
5 452
5 453
5 454
5 455
5 456
5 457
5 458
5 461
5 462
5 463
5 464
5 466
5 469
5 470
5 471
5 472
5 473
5 475
5 476
5 478
5 479
5 480
5 481
5 482
5 483
5 484
5 485
5 487
5 489
5 490
5 491
5 492
5 493
5 495
5 496
5 497
5 498
5 499
5 500
5 501
5 502
5 503
5 504
5 505
5 506
5 507
5 509
5 510
5 511
5 512
5 514
5 515
5 516
5 518
5 521
5 522
5 523
5 525
5 526
5 527
5 528
5 529
5 530
5 531
5 533
5 535
5 538
5 539
5 540
5 542
5 543
5 545
5 547
5 548
5 549
5 550
5 551
5 553
5 554
5 555
5 556
5 557
5 559
5 560
5 561
5 562
5 563
5 564
5 565
5 566
5 567
5 568
5 570
5 573
5 574
5 575
5 576
5 577
5 579
5 580
5 581
5 583
5 584
5 586
5 587
5 588
5 589
5 591
5 592
5 593
5 594
5 595
5 597
5 598
5 599
5 600
5 601
5 602
5 603
5 604
5 605
5 606
5 607
5 608
5 610
5 611
5 612
5 613
5 614
5 615
5 617
5 618
5 619
5 620
5 622
5 623
5 624
5 626
5 627
5 628
5 629
5 630
5 631
5 633
5 634
5 636
5 637
5 638
5 639
5 640
5 641
5 642
5 643
5 644
5 645
5 646
5 647
5 648
5 649
5 651
5 652
5 653
5 654
5 655
5 657
5 658
5 659
5 660
5 663
5 666
5 667
5 668
5 669
5 670
5 671
5 672
5 673
5 675
5 676
5 677
5 678
5 679
5 680
5 681
5 682
5 686
5 688
5 689
5 690
5 691
5 692
5 693
5 694
5 695
5 696
5 697
5 698
5 699
5 700
5 701
5 702
5 703
5 704
5 706
5 708
5 709
5 710
5 711
5 712
5 713
5 714
5 715
5 716
5 717
5 719
5 720
5 721
5 722
5 725
5 726
5 728
5 729
5 731
5 733
5 734
5 735
5 736
5 737
5 738
5 739
5 740
5 741
5 742
5 743
5 744
5 745
5 746
5 747
5 748
5 750
5 751
5 752
5 754
5 755
5 756
5 757
5 758
5 759
5 760
5 761
5 763
5 764
5 766
5 767
5 768
5 769
5 770
5 771
5 772
5 773
5 776
5 777
5 778
5 780
5 781
5 782
5 784
5 785
5 786
5 787
5 788
5 789
5 791
5 792
5 793
5 794
5 795
5 796
5 797
5 798
5 799
6 7
6 10
6 12
6 13
6 14
6 15
6 16
6 17
6 18
6 19
6 20
6 21
6 22
6 23
6 25
6 26
6 27
6 28
6 29
6 30
6 31
6 33
6 34
6 35
6 36
6 37
6 38
6 39
6 41
6 42
6 43
6 44
6 45
6 46
6 48
6 49
6 50
6 51
6 52
6 53
6 54
6 55
6 57
6 58
6 60
6 61
6 62
6 64
6 65
6 67
6 70
6 71
6 72
6 73
6 74
6 75
6 76
6 78
6 79
6 80
6 82
6 84
6 85
6 86
6 87
6 88
6 89
6 90
6 92
6 93
6 94
6 95
6 96
6 99
6 101
6 102
6 105
6 107
6 108
6 109
6 111
6 113
6 114
6 115
6 118
6 119
6 120
6 121
6 122
6 124
6 125
6 127
6 128
6 129
6 130
6 131
6 132
6 133
6 134
6 136
6 137
6 139
6 141
6 142
6 143
6 144
6 146
6 147
6 148
6 149
6 150
6 151
6 152
6 154
6 155
6 156
6 157
6 158
6 159
6 163
6 166
6 167
6 168
6 169
6 170
6 172
6 173
6 174
6 175
6 176
6 177
6 178
6 179
6 184
6 185
6 186
6 187
6 188
6 189
6 190
6 191
6 192
6 193
6 194
6 195
6 197
6 198
6 199
6 200
6 201
6 203
6 207
6 208
6 209
6 210
6 211
6 212
6 213
6 217
6 219
6 220
6 221
6 222
6 223
6 224
6 225
6 226
6 227
6 230
6 231
6 232
6 233
6 234
6 235
6 236
6 237
6 238
6 239
6 240
6 242
6 243
6 244
6 245
6 246
6 247
6 248
6 249
6 250
6 251
6 252
6 253
6 254
6 255
6 256
6 257
6 259
6 260
6 261
6 262
6 263
6 264
6 265
6 267
6 268
6 269
6 271
6 272
6 273
6 274
6 275
6 277
6 278
6 279
6 280
6 282
6 283
6 284
6 285
6 286
6 287
6 288
6 289
6 290
6 291
6 292
6 293
6 294
6 295
6 296
6 297
6 300
6 301
6 302
6 303
6 304
6 305
6 306
6 308
6 309
6 310
6 312
6 313
6 314
6 315
6 316
6 317
6 318
6 319
6 320
6 321
6 322
6 323
6 324
6 326
6 328
6 329
6 330
6 331
6 332
6 333
6 335
6 336
6 337
6 338
6 339
6 340
6 342
6 343
6 344
6 345
6 347
6 350
6 352
6 353
6 354
6 355
6 356
6 357
6 358
6 361
6 362
6 363
6 364
6 366
6 368
6 369
6 370
6 371
6 372
6 373
6 374
6 375
6 376
6 377
6 378
6 379
6 380
6 381
6 382
6 383
6 385
6 386
6 387
6 388
6 389
6 390
6 391
6 393
6 394
6 395
6 396
6 397
6 398
6 399
6 400
6 401
6 402
6 403
6 404
6 405
6 406
6 407
6 408
6 409
6 410
6 412
6 413
6 414
6 416
6 418
6 419
6 420
6 421
6 422
6 423
6 424
6 425
6 426
6 427
6 428
6 429
6 430
6 431
6 432
6 433
6 434
6 436
6 437
6 438
6 439
6 440
6 441
6 442
6 443
6 445
6 447
6 448
6 449
6 450
6 451
6 452
6 453
6 454
6 455
6 456
6 457
6 458
6 459
6 461
6 463
6 464
6 465
6 466
6 467
6 469
6 470
6 471
6 472
6 474
6 475
6 476
6 477
6 478
6 479
6 481
6 482
6 483
6 484
6 485
6 486
6 487
6 488
6 489
6 490
6 491
6 492
6 493
6 494
6 495
6 496
6 497
6 498
6 499
6 500
6 502
6 504
6 505
6 506
6 507
6 508
6 509
6 510
6 513
6 515
6 516
6 517
6 519
6 520
6 521
6 522
6 523
6 524
6 525
6 526
6 527
6 528
6 529
6 531
6 532
6 533
6 534
6 535
6 536
6 537
6 538
6 540
6 541
6 542
6 543
6 544
6 545
6 546
6 548
6 551
6 552
6 555
6 557
6 558
6 562
6 563
6 564
6 565
6 566
6 567
6 568
6 569
6 570
6 572
6 573
6 574
6 575
6 578
6 579
6 580
6 581
6 582
6 583
6 584
6 589
6 590
6 592
6 593
6 595
6 596
6 599
6 600
6 601
6 602
6 603
6 604
6 606
6 607
6 608
6 611
6 612
6 613
6 614
6 615
6 616
6 617
6 618
6 619
6 621
6 622
6 624
6 625
6 626
6 627
6 628
6 629
6 630
6 632
6 633
6 634
6 635
6 637
6 638
6 639
6 640
6 641
6 642
6 643
6 644
6 645
6 646
6 647
6 648
6 649
6 651
6 652
6 654
6 655
6 657
6 658
6 659
6 660
6 661
6 663
6 665
6 667
6 668
6 669
6 670
6 671
6 672
6 674
6 675
6 676
6 677
6 679
6 680
6 681
6 682
6 683
6 684
6 685
6 686
6 687
6 689
6 690
6 692
6 693
6 694
6 695
6 696
6 697
6 698
6 699
6 700
6 702
6 705
6 706
6 707
6 708
6 709
6 710
6 711
6 712
6 713
6 714
6 715
6 717
6 718
6 719
6 720
6 721
6 722
6 724
6 725
6 726
6 728
6 730
6 731
6 732
6 733
6 734
6 735
6 738
6 739
6 740
6 741
6 742
6 743
6 744
6 745
6 746
6 747
6 748
6 749
6 750
6 751
6 752
6 753
6 754
6 755
6 757
6 758
6 759
6 760
6 761
6 762
6 763
6 764
6 766
6 767
6 768
6 769
6 771
6 772
6 773
6 774
6 776
6 777
6 778
6 780
6 782
6 784
6 785
6 786
6 787
6 788
6 789
6 790
6 791
6 792
6 793
6 794
6 795
6 796
6 798
6 799
7 9
7 10
7 11
7 12
7 13
7 14
7 16
7 17
7 18
7 21
7 23
7 25
7 26
7 28
7 29
7 30
7 31
7 32
7 33
7 34
7 36
7 37
7 38
7 39
7 40
7 41
7 44
7 47
7 48
7 49
7 50
7 51
7 53
7 54
7 55
7 56
7 57
7 58
7 59
7 60
7 61
7 63
7 64
7 65
7 66
7 67
7 68
7 69
7 70
7 71
7 72
7 73
7 74
7 75
7 76
7 77
7 78
7 79
7 81
7 82
7 84
7 86
7 87
7 88
7 90
7 91
7 92
7 93
7 94
7 95
7 96
7 98
7 99
7 100
7 101
7 102
7 103
7 105
7 106
7 107
7 108
7 109
7 110
7 111
7 112
7 113
7 114
7 115
7 116
7 117
7 118
7 119
7 120
7 122
7 123
7 124
7 125
7 126
7 127
7 128
7 129
7 130
7 131
7 132
7 133
7 134
7 135
7 136
7 137
7 139
7 140
7 141
7 142
7 143
7 144
7 145
7 146
7 147
7 148
7 149
7 150
7 151
7 152
7 153
7 154
7 155
7 156
7 159
7 161
7 162
7 163
7 164
7 165
7 168
7 171
7 173
7 174
7 175
7 177
7 179
7 181
7 182
7 183
7 184
7 185
7 186
7 188
7 189
7 190
7 192
7 193
7 195
7 196
7 197
7 198
7 199
7 200
7 201
7 203
7 204
7 206
7 207
7 208
7 210
7 211
7 213
7 214
7 215
7 216
7 217
7 218
7 219
7 220
7 221
7 222
7 223
7 224
7 225
7 226
7 228
7 229
7 230
7 231
7 232
7 233
7 235
7 236
7 237
7 238
7 239
7 242
7 244
7 245
7 246
7 247
7 248
7 249
7 252
7 254
7 255
7 257
7 259
7 260
7 261
7 264
7 266
7 267
7 268
7 269
7 270
7 271
7 272
7 273
7 275
7 276
7 277
7 278
7 279
7 281
7 282
7 284
7 285
7 286
7 287
7 289
7 291
7 292
7 293
7 294
7 295
7 297
7 299
7 300
7 301
7 302
7 303
7 305
7 306
7 307
7 309
7 310
7 311
7 313
7 314
7 315
7 316
7 317
7 318
7 319
7 320
7 321
7 322
7 324
7 325
7 326
7 327
7 329
7 330
7 331
7 332
7 334
7 335
7 336
7 337
7 338
7 339
7 340
7 341
7 342
7 343
7 344
7 345
7 346
7 347
7 348
7 349
7 350
7 352
7 354
7 357
7 359
7 361
7 362
7 363
7 364
7 365
7 366
7 367
7 370
7 372
7 373
7 374
7 375
7 376
7 377
7 378
7 379
7 381
7 382
7 383
7 385
7 387
7 388
7 389
7 390
7 391
7 392
7 393
7 395
7 399
7 401
7 402
7 403
7 404
7 405
7 406
7 408
7 409
7 410
7 411
7 412
7 413
7 414
7 415
7 416
7 418
7 420
7 421
7 422
7 423
7 424
7 425
7 428
7 429
7 430
7 432
7 433
7 434
7 436
7 437
7 438
7 439
7 442
7 443
7 444
7 446
7 447
7 448
7 449
7 450
7 451
7 452
7 453
7 454
7 455
7 456
7 457
7 458
7 459
7 460
7 461
7 462
7 464
7 465
7 466
7 467
7 468
7 469
7 470
7 471
7 472
7 473
7 475
7 478
7 480
7 483
7 484
7 485
7 486
7 488
7 489
7 490
7 492
7 493
7 494
7 495
7 497
7 498
7 499
7 500
7 501
7 502
7 504
7 505
7 506
7 507
7 508
7 509
7 510
7 511
7 512
7 513
7 515
7 516
7 517
7 518
7 520
7 521
7 522
7 523
7 524
7 525
7 526
7 528
7 529
7 530
7 531
7 532
7 534
7 535
7 536
7 537
7 539
7 540
7 542
7 543
7 544
7 545
7 546
7 547
7 548
7 549
7 551
7 552
7 553
7 554
7 556
7 557
7 560
7 561
7 562
7 563
7 564
7 565
7 566
7 567
7 568
7 569
7 570
7 571
7 572
7 573
7 574
7 575
7 576
7 577
7 578
7 580
7 584
7 585
7 586
7 587
7 588
7 589
7 591
7 592
7 593
7 594
7 595
7 596
7 597
7 598
7 599
7 602
7 603
7 604
7 606
7 607
7 608
7 610
7 611
7 612
7 614
7 615
7 616
7 617
7 618
7 619
7 620
7 622
7 623
7 624
7 625
7 626
7 627
7 629
7 630
7 632
7 633
7 634
7 636
7 637
7 638
7 639
7 640
7 642
7 643
7 644
7 645
7 646
7 647
7 648
7 649
7 650
7 651
7 652
7 653
7 654
7 655
7 656
7 657
7 659
7 660
7 661
7 663
7 666
7 667
7 669
7 671
7 672
7 674
7 675
7 676
7 677
7 678
7 679
7 680
7 681
7 682
7 683
7 684
7 685
7 690
7 691
7 692
7 693
7 695
7 696
7 697
7 699
7 700
7 701
7 702
7 704
7 705
7 706
7 707
7 708
7 709
7 711
7 712
7 713
7 714
7 716
7 717
7 719
7 720
7 721
7 722
7 723
7 724
7 725
7 726
7 727
7 728
7 729
7 731
7 732
7 733
7 734
7 737
7 738
7 739
7 742
7 743
7 744
7 745
7 746
7 747
7 748
7 749
7 750
7 751
7 753
7 755
7 756
7 757
7 759
7 762
7 763
7 764
7 765
7 766
7 767
7 768
7 769
7 771
7 773
7 774
7 775
7 776
7 777
7 778
7 779
7 780
7 781
7 783
7 784
7 786
7 789
7 790
7 791
7 792
7 793
7 794
7 795
7 796
7 798
7 799
8 9
8 10
8 11
8 13
8 14
8 16
8 17
8 18
8 19
8 21
8 22
8 23
8 24
8 26
8 28
8 29
8 30
8 32
8 34
8 35
8 37
8 39
8 40
8 41
8 42
8 43
8 44
8 45
8 46
8 47
8 48
8 49
8 51
8 52
8 53
8 60
8 61
8 62
8 63
8 64
8 66
8 67
8 68
8 70
8 71
8 72
8 73
8 74
8 75
8 76
8 78
8 79
8 80
8 81
8 82
8 83
8 84
8 85
8 86
8 87
8 88
8 90
8 91
8 92
8 93
8 94
8 96
8 97
8 98
8 101
8 102
8 103
8 104
8 105
8 106
8 107
8 108
8 110
8 111
8 113
8 115
8 117
8 118
8 119
8 120
8 121
8 122
8 124
8 125
8 126
8 127
8 129
8 130
8 131
8 132
8 133
8 134
8 135
8 136
8 137
8 138
8 139
8 140
8 141
8 143
8 144
8 145
8 146
8 147
8 148
8 149
8 150
8 151
8 152
8 153
8 154
8 155
8 156
8 157
8 158
8 160
8 161
8 162
8 163
8 164
8 165
8 167
8 169
8 171
8 172
8 174
8 175
8 176
8 177
8 179
8 180
8 181
8 183
8 185
8 186
8 187
8 188
8 189
8 190
8 191
8 194
8 195
8 198
8 200
8 201
8 202
8 203
8 204
8 205
8 208
8 209
8 211
8 212
8 214
8 215
8 216
8 217
8 218
8 219
8 221
8 222
8 224
8 225
8 226
8 227
8 228
8 229
8 230
8 231
8 232
8 233
8 234
8 235
8 236
8 237
8 238
8 239
8 240
8 241
8 242
8 243
8 244
8 245
8 246
8 247
8 248
8 249
8 250
8 251
8 252
8 253
8 254
8 255
8 256
8 257
8 258
8 261
8 262
8 263
8 264
8 265
8 266
8 267
8 268
8 269
8 272
8 274
8 276
8 278
8 279
8 282
8 283
8 287
8 288
8 289
8 290
8 291
8 292
8 293
8 294
8 295
8 296
8 297
8 298
8 301
8 303
8 304
8 306
8 307
8 309
8 310
8 311
8 313
8 314
8 315
8 316
8 317
8 318
8 319
8 321
8 324
8 326
8 327
8 329
8 331
8 332
8 333
8 335
8 336
8 337
8 339
8 340
8 342
8 343
8 344
8 345
8 346
8 348
8 349
8 350
8 351
8 352
8 353
8 355
8 356
8 357
8 358
8 359
8 360
8 361
8 363
8 364
8 365
8 367
8 368
8 369
8 370
8 371
8 372
8 374
8 375
8 376
8 377
8 378
8 379
8 381
8 382
8 383
8 384
8 386
8 388
8 389
8 390
8 391
8 392
8 395
8 396
8 397
8 398
8 399
8 400
8 401
8 403
8 404
8 405
8 406
8 407
8 408
8 409
8 410
8 411
8 412
8 414
8 415
8 416
8 417
8 418
8 420
8 421
8 422
8 423
8 425
8 426
8 427
8 428
8 429
8 430
8 434
8 435
8 437
8 440
8 441
8 442
8 443
8 444
8 446
8 447
8 448
8 449
8 450
8 452
8 455
8 456
8 457
8 458
8 459
8 460
8 461
8 463
8 464
8 465
8 466
8 467
8 468
8 469
8 470
8 471
8 472
8 473
8 475
8 476
8 477
8 478
8 479
8 480
8 481
8 482
8 483
8 484
8 485
8 486
8 488
8 489
8 491
8 492
8 493
8 495
8 496
8 497
8 499
8 500
8 501
8 502
8 503
8 504
8 505
8 506
8 507
8 508
8 509
8 510
8 511
8 512
8 513
8 514
8 515
8 516
8 517
8 518
8 519
8 520
8 522
8 523
8 524
8 525
8 526
8 527
8 528
8 529
8 530
8 531
8 532
8 535
8 536
8 537
8 538
8 540
8 541
8 542
8 543
8 544
8 545
8 546
8 548
8 549
8 551
8 552
8 554
8 555
8 557
8 558
8 560
8 561
8 562
8 563
8 564
8 565
8 566
8 567
8 568
8 569
8 570
8 571
8 572
8 573
8 574
8 577
8 578
8 581
8 582
8 584
8 587
8 588
8 589
8 590
8 592
8 593
8 594
8 595
8 596
8 597
8 598
8 599
8 601
8 602
8 603
8 604
8 606
8 607
8 608
8 610
8 613
8 614
8 615
8 616
8 617
8 618
8 619
8 622
8 625
8 627
8 628
8 630
8 631
8 632
8 634
8 635
8 636
8 637
8 638
8 640
8 641
8 642
8 643
8 644
8 645
8 647
8 648
8 649
8 650
8 651
8 652
8 653
8 654
8 655
8 656
8 657
8 659
8 661
8 663
8 664
8 665
8 667
8 668
8 669
8 670
8 671
8 673
8 674
8 676
8 677
8 678
8 679
8 680
8 681
8 682
8 683
8 684
8 685
8 686
8 687
8 689
8 690
8 691
8 692
8 693
8 694
8 695
8 696
8 698
8 701
8 702
8 703
8 704
8 705
8 706
8 707
8 708
8 709
8 710
8 711
8 712
8 716
8 717
8 719
8 720
8 721
8 722
8 723
8 724
8 725
8 726
8 728
8 729
8 730
8 732
8 735
8 736
8 738
8 739
8 743
8 744
8 745
8 746
8 748
8 749
8 750
8 751
8 752
8 753
8 754
8 755
8 756
8 757
8 758
8 760
8 761
8 762
8 763
8 764
8 765
8 766
8 767
8 768
8 769
8 770
8 771
8 772
8 773
8 775
8 776
8 777
8 778
8 779
8 781
8 782
8 783
8 785
8 786
8 788
8 789
8 790
8 792
8 793
8 794
8 797
8 798
8 799
9 10
9 11
9 12
9 13
9 14
9 15
9 16
9 17
9 18
9 19
9 20
9 21
9 22
9 23
9 24
9 25
9 27
9 28
9 29
9 30
9 32
9 34
9 35
9 36
9 37
9 38
9 39
9 40
9 41
9 42
9 43
9 44
9 49
9 52
9 53
9 54
9 55
9 56
9 57
9 58
9 59
9 60
9 61
9 62
9 64
9 65
9 67
9 68
9 69
9 71
9 73
9 74
9 75
9 76
9 78
9 79
9 80
9 81
9 82
9 84
9 85
9 86
9 89
9 90
9 91
9 92
9 94
9 95
9 97
9 99
9 101
9 102
9 103
9 104
9 105
9 106
9 107
9 108
9 109
9 111
9 112
9 113
9 114
9 115
9 116
9 117
9 118
9 119
9 120
9 121
9 122
9 123
9 124
9 125
9 126
9 128
9 129
9 130
9 131
9 132
9 133
9 134
9 136
9 138
9 139
9 140
9 143
9 144
9 146
9 147
9 148
9 150
9 151
9 152
9 153
9 154
9 155
9 156
9 157
9 158
9 159
9 160
9 161
9 162
9 163
9 164
9 165
9 166
9 167
9 168
9 169
9 170
9 171
9 172
9 173
9 174
9 175
9 176
9 177
9 178
9 179
9 180
9 181
9 182
9 183
9 184
9 185
9 186
9 188
9 190
9 191
9 192
9 193
9 194
9 195
9 196
9 198
9 199
9 200
9 201
9 203
9 204
9 207
9 208
9 210
9 211
9 213
9 214
9 215
9 217
9 218
9 220
9 223
9 224
9 225
9 226
9 227
9 228
9 229
9 230
9 231
9 232
9 233
9 234
9 235
9 237
9 238
9 239
9 240
9 241
9 242
9 243
9 244
9 245
9 246
9 247
9 252
9 253
9 255
9 256
9 257
9 258
9 259
9 260
9 264
9 265
9 267
9 268
9 269
9 271
9 273
9 275
9 276
9 278
9 279
9 280
9 281
9 282
9 284
9 285
9 287
9 288
9 289
9 290
9 291
9 292
9 293
9 294
9 296
9 297
9 298
9 299
9 301
9 302
9 303
9 304
9 305
9 307
9 308
9 309
9 310
9 311
9 312
9 313
9 314
9 316
9 317
9 318
9 320
9 321
9 322
9 323
9 325
9 327
9 328
9 329
9 330
9 331
9 333
9 334
9 335
9 336
9 337
9 338
9 339
9 340
9 341
9 342
9 343
9 344
9 345
9 346
9 347
9 348
9 349
9 350
9 352
9 353
9 354
9 355
9 356
9 357
9 358
9 359
9 360
9 361
9 363
9 364
9 365
9 366
9 367
9 368
9 369
9 370
9 371
9 372
9 373
9 375
9 376
9 377
9 378
9 379
9 380
9 382
9 383
9 385
9 386
9 387
9 388
9 389
9 390
9 391
9 394
9 395
9 396
9 397
9 399
9 400
9 401
9 402
9 403
9 404
9 405
9 407
9 408
9 409
9 410
9 411
9 412
9 413
9 416
9 417
9 418
9 420
9 421
9 422
9 423
9 425
9 427
9 428
9 429
9 430
9 431
9 435
9 436
9 438
9 439
9 440
9 442
9 443
9 445
9 446
9 447
9 448
9 449
9 451
9 453
9 455
9 456
9 458
9 459
9 460
9 461
9 462
9 463
9 464
9 465
9 466
9 468
9 469
9 470
9 471
9 473
9 474
9 476
9 477
9 478
9 479
9 480
9 481
9 483
9 485
9 486
9 487
9 488
9 489
9 490
9 491
9 492
9 493
9 494
9 496
9 497
9 498
9 503
9 504
9 505
9 506
9 507
9 508
9 509
9 510
9 511
9 512
9 513
9 514
9 515
9 516
9 517
9 518
9 519
9 520
9 521
9 523
9 524
9 525
9 526
9 527
9 528
9 529
9 530
9 532
9 533
9 534
9 535
9 536
9 537
9 538
9 539
9 540
9 541
9 543
9 544
9 547
9 548
9 549
9 550
9 551
9 552
9 553
9 554
9 555
9 556
9 557
9 558
9 559
9 560
9 561
9 562
9 563
9 566
9 568
9 570
9 572
9 573
9 574
9 575
9 576
9 577
9 578
9 579
9 580
9 581
9 582
9 583
9 584
9 585
9 586
9 587
9 588
9 589
9 590
9 591
9 592
9 593
9 594
9 595
9 597
9 598
9 599
9 600
9 601
9 602
9 603
9 604
9 605
9 606
9 607
9 608
9 609
9 610
9 611
9 612
9 613
9 614
9 615
9 616
9 617
9 619
9 622
9 623
9 624
9 625
9 626
9 627
9 628
9 629
9 630
9 631
9 632
9 633
9 634
9 635
9 636
9 638
9 640
9 641
9 642
9 643
9 645
9 646
9 648
9 649
9 650
9 651
9 654
9 655
9 656
9 657
9 658
9 659
9 660
9 661
9 663
9 664
9 665
9 666
9 667
9 668
9 669
9 670
9 672
9 675
9 676
9 677
9 679
9 680
9 681
9 682
9 683
9 684
9 685
9 686
9 687
9 688
9 690
9 691
9 692
9 693
9 694
9 696
9 697
9 698
9 699
9 700
9 701
9 702
9 703
9 704
9 705
9 707
9 708
9 709
9 710
9 711
9 712
9 713
9 714
9 717
9 718
9 719
9 720
9 721
9 722
9 723
9 724
9 725
9 726
9 727
9 728
9 729
9 730
9 732
9 733
9 734
9 735
9 737
9 738
9 739
9 740
9 742
9 743
9 745
9 746
9 747
9 748
9 749
9 751
9 752
9 753
9 756
9 757
9 758
9 759
9 760
9 761
9 762
9 763
9 764
9 765
9 766
9 767
9 768
9 771
9 772
9 774
9 776
9 777
9 780
9 781
9 782
9 783
9 785
9 787
9 788
9 789
9 790
9 791
9 792
9 793
9 795
9 796
9 798
9 799
10 13
10 14
10 15
10 16
10 17
10 18
10 20
10 21
10 23
10 24
10 25
10 26
10 27
10 29
10 30
10 31
10 32
10 34
10 35
10 37
10 38
10 39
10 40
10 42
10 43
10 44
10 45
10 46
10 47
10 48
10 49
10 50
10 51
10 52
10 56
10 57
10 58
10 60
10 61
10 62
10 64
10 65
10 66
10 68
10 69
10 70
10 71
10 74
10 77
10 78
10 80
10 81
10 83
10 84
10 86
10 87
10 89
10 90
10 91
10 92
10 93
10 94
10 96
10 97
10 102
10 103
10 104
10 106
10 108
10 109
10 110
10 112
10 113
10 114
10 116
10 117
10 118
10 119
10 120
10 121
10 122
10 123
10 124
10 125
10 127
10 128
10 129
10 130
10 133
10 134
10 135
10 136
10 138
10 139
10 140
10 142
10 143
10 144
10 145
10 146
10 147
10 149
10 150
10 151
10 152
10 153
10 154
10 155
10 156
10 158
10 159
10 160
10 161
10 162
10 163
10 164
10 165
10 167
10 168
10 169
10 170
10 173
10 174
10 175
10 176
10 177
10 178
10 179
10 180
10 181
10 182
10 183
10 184
10 185
10 186
10 187
10 188
10 189
10 191
10 193
10 194
10 195
10 197
10 198
10 201
10 202
10 205
10 206
10 207
10 208
10 209
10 210
10 212
10 213
10 214
10 216
10 217
10 218
10 222
10 223
10 224
10 225
10 226
10 227
10 229
10 230
10 231
10 232
10 233
10 234
10 235
10 236
10 238
10 239
10 240
10 241
10 242
10 243
10 244
10 245
10 246
10 247
10 248
10 251
10 252
10 253
10 255
10 257
10 258
10 259
10 262
10 263
10 264
10 265
10 266
10 267
10 269
10 270
10 271
10 272
10 274
10 276
10 277
10 278
10 280
10 281
10 282
10 285
10 289
10 290
10 291
10 292
10 293
10 294
10 295
10 296
10 297
10 299
10 300
10 301
10 302
10 303
10 304
10 305
10 308
10 309
10 313
10 315
10 316
10 318
10 319
10 321
10 322
10 324
10 325
10 326
10 327
10 328
10 329
10 330
10 331
10 332
10 333
10 335
10 337
10 338
10 341
10 342
10 343
10 344
10 345
10 346
10 347
10 348
10 350
10 351
10 352
10 353
10 355
10 356
10 358
10 359
10 360
10 361
10 362
10 364
10 365
10 366
10 367
10 368
10 369
10 370
10 371
10 372
10 373
10 374
10 375
10 376
10 377
10 378
10 379
10 380
10 381
10 382
10 383
10 384
10 386
10 387
10 388
10 389
10 390
10 393
10 394
10 395
10 396
10 398
10 399
10 400
10 401
10 403
10 404
10 405
10 406
10 409
10 411
10 412
10 413
10 414
10 415
10 418
10 419
10 421
10 422
10 423
10 424
10 425
10 426
10 427
10 428
10 429
10 430
10 431
10 432
10 434
10 435
10 436
10 437
10 438
10 439
10 441
10 442
10 443
10 444
10 445
10 446
10 447
10 448
10 449
10 450
10 451
10 452
10 453
10 454
10 455
10 456
10 457
10 459
10 461
10 462
10 464
10 465
10 466
10 467
10 468
10 469
10 471
10 473
10 474
10 477
10 480
10 482
10 485
10 486
10 488
10 489
10 491
10 495
10 498
10 500
10 501
10 502
10 504
10 506
10 507
10 508
10 509
10 510
10 511
10 512
10 514
10 516
10 517
10 519
10 520
10 521
10 522
10 523
10 524
10 526
10 527
10 528
10 529
10 530
10 531
10 532
10 534
10 535
10 538
10 540
10 542
10 544
10 546
10 548
10 549
10 550
10 551
10 552
10 553
10 554
10 555
10 556
10 559
10 560
10 561
10 562
10 563
10 564
10 566
10 567
10 568
10 569
10 570
10 571
10 572
10 573
10 575
10 576
10 577
10 578
10 579
10 580
10 581
10 582
10 583
10 586
10 587
10 588
10 589
10 590
10 592
10 593
10 594
10 595
10 596
10 598
10 599
10 600
10 602
10 603
10 604
10 605
10 606
10 607
10 608
10 609
10 612
10 614
10 615
10 616
10 617
10 618
10 619
10 621
10 622
10 625
10 627
10 628
10 629
10 630
10 631
10 632
10 634
10 635
10 636
10 637
10 638
10 639
10 640
10 641
10 643
10 644
10 648
10 650
10 651
10 652
10 653
10 654
10 655
10 658
10 659
10 660
10 661
10 664
10 665
10 666
10 667
10 669
10 670
10 672
10 673
10 674
10 675
10 676
10 677
10 678
10 679
10 680
10 681
10 682
10 683
10 684
10 686
10 688
10 689
10 691
10 692
10 693
10 694
10 695
10 696
10 697
10 698
10 699
10 700
10 701
10 702
10 704
10 705
10 707
10 708
10 709
10 710
10 711
10 712
10 713
10 715
10 716
10 717
10 718
10 720
10 721
10 722
10 723
10 724
10 725
10 726
10 727
10 728
10 729
10 730
10 731
10 732
10 733
10 734
10 735
10 736
10 737
10 738
10 739
10 740
10 741
10 743
10 744
10 745
10 746
10 750
10 751
10 753
10 754
10 755
10 756
10 757
10 758
10 759
10 760
10 761
10 762
10 764
10 765
10 768
10 769
10 770
10 771
10 772
10 773
10 774
10 775
10 776
10 777
10 778
10 779
10 780
10 781
10 782
10 783
10 784
10 785
10 786
10 788
10 790
10 793
10 794
10 795
10 796
10 797
10 798
11 15
11 16
11 17
11 19
11 20
11 22
11 23
11 24
11 26
11 28
11 29
11 32
11 33
11 35
11 37
11 38
11 39
11 40
11 41
11 42
11 44
11 45
11 46
11 47
11 48
11 49
11 50
11 51
11 53
11 54
11 55
11 56
11 57
11 58
11 59
11 60
11 61
11 62
11 63
11 65
11 66
11 67
11 68
11 69
11 70
11 72
11 74
11 75
11 76
11 77
11 78
11 79
11 80
11 81
11 83
11 84
11 85
11 86
11 87
11 88
11 89
11 90
11 91
11 92
11 93
11 94
11 95
11 96
11 97
11 99
11 102
11 103
11 104
11 105
11 106
11 107
11 108
11 109
11 112
11 113
11 114
11 115
11 116
11 117
11 118
11 119
11 120
11 121
11 123
11 124
11 126
11 127
11 128
11 129
11 130
11 131
11 132
11 133
11 134
11 135
11 136
11 137
11 138
11 139
11 140
11 141
11 142
11 143
11 144
11 146
11 147
11 148
11 149
11 150
11 151
11 152
11 154
11 156
11 157
11 159
11 160
11 161
11 163
11 165
11 166
11 168
11 169
11 170
11 171
11 172
11 173
11 175
11 176
11 177
11 178
11 180
11 181
11 182
11 183
11 184
11 186
11 187
11 188
11 190
11 191
11 192
11 193
11 194
11 195
11 197
11 198
11 199
11 200
11 201
11 202
11 203
11 205
11 206
11 207
11 210
11 211
11 212
11 213
11 214
11 215
11 216
11 217
11 218
11 219
11 220
11 221
11 222
11 223
11 224
11 225
11 226
11 227
11 228
11 229
11 232
11 233
11 234
11 237
11 238
11 239
11 240
11 241
11 242
11 243
11 244
11 245
11 247
11 248
11 249
11 250
11 251
11 253
11 254
11 255
11 257
11 259
11 260
11 261
11 264
11 265
11 267
11 268
11 269
11 270
11 271
11 272
11 273
11 276
11 279
11 280
11 281
11 282
11 284
11 285
11 286
11 288
11 289
11 292
11 293
11 294
11 297
11 298
11 299
11 300
11 301
11 302
11 303
11 304
11 305
11 306
11 308
11 310
11 311
11 312
11 313
11 314
11 317
11 318
11 319
11 320
11 321
11 322
11 323
11 324
11 325
11 326
11 327
11 328
11 329
11 330
11 331
11 332
11 334
11 335
11 336
11 337
11 338
11 339
11 340
11 341
11 342
11 344
11 345
11 348
11 349
11 350
11 351
11 353
11 354
11 355
11 356
11 357
11 358
11 359
11 360
11 361
11 363
11 364
11 365
11 367
11 368
11 370
11 371
11 372
11 373
11 374
11 376
11 377
11 378
11 379
11 381
11 382
11 384
11 385
11 386
11 387
11 389
11 390
11 391
11 392
11 393
11 394
11 395
11 396
11 397
11 398
11 399
11 400
11 401
11 402
11 403
11 404
11 405
11 407
11 408
11 409
11 414
11 417
11 418
11 419
11 420
11 422
11 423
11 424
11 427
11 428
11 429
11 430
11 431
11 432
11 434
11 435
11 436
11 437
11 441
11 442
11 443
11 445
11 446
11 449
11 451
11 453
11 456
11 457
11 459
11 460
11 461
11 463
11 465
11 467
11 468
11 469
11 470
11 471
11 472
11 473
11 474
11 475
11 477
11 478
11 479
11 480
11 482
11 484
11 485
11 486
11 488
11 489
11 492
11 494
11 495
11 497
11 498
11 499
11 500
11 501
11 502
11 503
11 504
11 505
11 506
11 507
11 508
11 509
11 510
11 511
11 513
11 514
11 517
11 519
11 522
11 523
11 524
11 525
11 526
11 527
11 528
11 529
11 531
11 533
11 535
11 536
11 539
11 540
11 541
11 543
11 544
11 545
11 548
11 549
11 550
11 551
11 553
11 554
11 555
11 556
11 557
11 558
11 560
11 561
11 562
11 563
11 565
11 566
11 568
11 571
11 572
11 573
11 574
11 575
11 576
11 578
11 579
11 583
11 584
11 585
11 586
11 587
11 588
11 593
11 594
11 595
11 596
11 597
11 598
11 599
11 601
11 602
11 603
11 604
11 605
11 606
11 607
11 608
11 609
11 610
11 611
11 612
11 613
11 614
11 615
11 616
11 617
11 618
11 619
11 620
11 621
11 622
11 623
11 626
11 627
11 628
11 629
11 630
11 631
11 632
11 633
11 634
11 635
11 638
11 640
11 642
11 644
11 645
11 646
11 647
11 648
11 649
11 650
11 651
11 653
11 654
11 655
11 656
11 657
11 658
11 659
11 661
11 662
11 664
11 665
11 666
11 667
11 669
11 670
11 672
11 673
11 674
11 675
11 676
11 677
11 678
11 679
11 680
11 681
11 682
11 683
11 684
11 685
11 686
11 687
11 688
11 689
11 690
11 691
11 693
11 694
11 695
11 696
11 698
11 699
11 700
11 701
11 702
11 703
11 704
11 705
11 706
11 707
11 708
11 709
11 710
11 711
11 712
11 713
11 714
11 715
11 716
11 717
11 719
11 720
11 721
11 722
11 723
11 724
11 725
11 726
11 727
11 728
11 730
11 731
11 732
11 733
11 735
11 736
11 737
11 738
11 739
11 740
11 741
11 742
11 743
11 744
11 747
11 748
11 749
11 751
11 752
11 753
11 754
11 755
11 756
11 757
11 758
11 759
11 760
11 761
11 762
11 763
11 765
11 766
11 768
11 769
11 770
11 771
11 774
11 775
11 776
11 777
11 778
11 779
11 781
11 782
11 783
11 784
11 785
11 786
11 787
11 788
11 789
11 790
11 791
11 792
11 793
11 794
11 796
11 797
11 798
12 13
12 14
12 15
12 18
12 19
12 20
12 21
12 22
12 23
12 24
12 26
12 27
12 28
12 30
12 31
12 32
12 33
12 34
12 35
12 37
12 38
12 40
12 43
12 44
12 46
12 47
12 49
12 50
12 51
12 52
12 53
12 54
12 57
12 58
12 61
12 62
12 63
12 64
12 66
12 67
12 68
12 69
12 71
12 72
12 73
12 74
12 75
12 77
12 78
12 79
12 81
12 82
12 83
12 84
12 85
12 86
12 87
12 88
12 89
12 90
12 91
12 92
12 95
12 96
12 97
12 98
12 99
12 100
12 101
12 102
12 103
12 105
12 106
12 107
12 108
12 109
12 110
12 112
12 113
12 114
12 116
12 117
12 118
12 119
12 120
12 121
12 122
12 123
12 124
12 125
12 126
12 128
12 130
12 131
12 132
12 133
12 134
12 135
12 136
12 138
12 141
12 144
12 145
12 147
12 148
12 149
12 151
12 152
12 153
12 155
12 156
12 158
12 159
12 161
12 162
12 163
12 164
12 165
12 166
12 169
12 170
12 171
12 172
12 173
12 174
12 175
12 176
12 177
12 178
12 179
12 180
12 182
12 185
12 186
12 187
12 188
12 189
12 190
12 191
12 192
12 193
12 194
12 195
12 196
12 197
12 198
12 199
12 201
12 203
12 204
12 205
12 206
12 207
12 209
12 210
12 213
12 214
12 217
12 218
12 219
12 220
12 221
12 222
12 223
12 224
12 225
12 227
12 228
12 229
12 230
12 232
12 233
12 234
12 235
12 236
12 237
12 238
12 240
12 241
12 242
12 243
12 245
12 247
12 248
12 249
12 250
12 251
12 253
12 254
12 255
12 256
12 258
12 259
12 260
12 262
12 263
12 265
12 267
12 268
12 269
12 271
12 273
12 274
12 275
12 277
12 278
12 279
12 280
12 281
12 282
12 283
12 284
12 285
12 286
12 287
12 289
12 290
12 291
12 294
12 295
12 296
12 297
12 298
12 299
12 300
12 301
12 302
12 304
12 305
12 306
12 307
12 308
12 309
12 310
12 311
12 312
12 313
12 314
12 315
12 316
12 317
12 318
12 319
12 320
12 321
12 323
12 324
12 325
12 326
12 328
12 330
12 332
12 333
12 334
12 335
12 336
12 337
12 338
12 339
12 340
12 341
12 343
12 344
12 345
12 346
12 347
12 348
12 349
12 350
12 351
12 352
12 353
12 355
12 356
12 357
12 359
12 361
12 362
12 363
12 365
12 366
12 367
12 368
12 369
12 370
12 372
12 373
12 375
12 377
12 378
12 379
12 380
12 381
12 382
12 383
12 384
12 385
12 387
12 388
12 389
12 390
12 391
12 392
12 393
12 394
12 395
12 396
12 397
12 398
12 399
12 400
12 402
12 403
12 406
12 407
12 408
12 409
12 412
12 413
12 414
12 421
12 422
12 423
12 424
12 425
12 426
12 427
12 428
12 429
12 431
12 432
12 433
12 434
12 435
12 436
12 437
12 439
12 441
12 442
12 443
12 444
12 445
12 447
12 448
12 449
12 450
12 451
12 452
12 453
12 455
12 456
12 457
12 458
12 459
12 460
12 461
12 463
12 464
12 465
12 466
12 467
12 468
12 469
12 470
12 471
12 474
12 475
12 476
12 477
12 478
12 480
12 481
12 482
12 483
12 485
12 486
12 487
12 489
12 491
12 492
12 494
12 495
12 497
12 498
12 499
12 500
12 501
12 502
12 503
12 504
12 505
12 506
12 507
12 509
12 510
12 512
12 513
12 514
12 515
12 518
12 519
12 520
12 522
12 523
12 524
12 525
12 526
12 527
12 528
12 529
12 530
12 532
12 533
12 535
12 536
12 537
12 538
12 539
12 540
12 543
12 544
12 547
12 551
12 553
12 555
12 556
12 557
12 558
12 559
12 561
12 562
12 564
12 565
12 566
12 567
12 568
12 569
12 570
12 571
12 572
12 573
12 574
12 576
12 577
12 578
12 579
12 580
12 582
12 583
12 584
12 585
12 586
12 588
12 589
12 590
12 591
12 592
12 593
12 594
12 595
12 598
12 599
12 600
12 601
12 602
12 603
12 604
12 605
12 606
12 608
12 609
12 610
12 611
12 612
12 613
12 614
12 615
12 616
12 617
12 618
12 624
12 625
12 626
12 627
12 628
12 629
12 630
12 631
12 632
12 633
12 634
12 635
12 640
12 641
12 642
12 643
12 644
12 645
12 647
12 648
12 649
12 650
12 651
12 652
12 653
12 654
12 655
12 656
12 657
12 658
12 659
12 660
12 661
12 662
12 664
12 666
12 667
12 668
12 669
12 671
12 672
12 673
12 674
12 675
12 676
12 677
12 678
12 679
12 681
12 683
12 684
12 685
12 686
12 687
12 688
12 690
12 691
12 693
12 694
12 695
12 698
12 699
12 701
12 702
12 704
12 705
12 706
12 707
12 708
12 709
12 710
12 711
12 712
12 713
12 714
12 715
12 716
12 717
12 718
12 719
12 720
12 722
12 724
12 725
12 726
12 727
12 728
12 729
12 730
12 731
12 732
12 733
12 734
12 735
12 736
12 737
12 738
12 739
12 740
12 742
12 743
12 745
12 746
12 747
12 748
12 749
12 751
12 752
12 753
12 754
12 755
12 757
12 758
12 761
12 762
12 763
12 764
12 765
12 768
12 769
12 770
12 771
12 772
12 773
12 774
12 775
12 776
12 778
12 779
12 780
12 781
12 782
12 783
12 784
12 786
12 787
12 788
12 790
12 791
12 792
12 793
12 794
12 795
12 796
12 797
12 799
13 14
13 16
13 17
13 18
13 19
13 21
13 22
13 23
13 24
13 25
13 26
13 27
13 28
13 29
13 31
13 32
13 36
13 38
13 39
13 40
13 41
13 42
13 43
13 44
13 45
13 46
13 47
13 48
13 49
13 50
13 51
13 52
13 53
13 54
13 55
13 57
13 58
13 59
13 61
13 63
13 64
13 65
13 66
13 68
13 69
13 70
13 71
13 72
13 73
13 75
13 76
13 77
13 78
13 79
13 80
13 81
13 83
13 84
13 85
13 86
13 87
13 88
13 89
13 90
13 91
13 92
13 93
13 96
13 97
13 98
13 99
13 100
13 103
13 107
13 108
13 109
13 110
13 115
13 116
13 117
13 118
13 119
13 121
13 122
13 123
13 125
13 127
13 128
13 131
13 132
13 133
13 134
13 138
13 139
13 141
13 142
13 143
13 144
13 145
13 146
13 147
13 148
13 149
13 150
13 152
13 153
13 154
13 155
13 156
13 157
13 158
13 160
13 161
13 162
13 163
13 164
13 165
13 166
13 167
13 168
13 169
13 170
13 171
13 172
13 173
13 174
13 175
13 176
13 177
13 178
13 179
13 180
13 181
13 182
13 183
13 185
13 186
13 187
13 188
13 189
13 190
13 192
13 193
13 194
13 195
13 196
13 199
13 200
13 201
13 202
13 203
13 204
13 206
13 207
13 208
13 209
13 210
13 211
13 212
13 213
13 214
13 215
13 216
13 217
13 218
13 219
13 221
13 222
13 223
13 224
13 226
13 227
13 229
13 230
13 231
13 232
13 233
13 234
13 235
13 236
13 237
13 238
13 239
13 241
13 242
13 243
13 244
13 246
13 247
13 249
13 251
13 253
13 254
13 255
13 256
13 257
13 259
13 260
13 261
13 262
13 263
13 264
13 265
13 266
13 267
13 268
13 270
13 271
13 272
13 273
13 274
13 275
13 276
13 277
13 278
13 280
13 283
13 284
13 285
13 286
13 287
13 288
13 289
13 290
13 291
13 292
13 293
13 294
13 295
13 296
13 297
13 298
13 299
13 300
13 302
13 304
13 305
13 306
13 307
13 308
13 309
13 310
13 311
13 312
13 313
13 315
13 316
13 317
13 319
13 321
13 322
13 323
13 324
13 325
13 326
13 327
13 329
13 330
13 331
13 332
13 333
13 334
13 335
13 336
13 337
13 338
13 341
13 342
13 343
13 344
13 345
13 346
13 347
13 348
13 349
13 350
13 351
13 352
13 353
13 354
13 355
13 357
13 359
13 360
13 361
13 362
13 364
13 365
13 366
13 367
13 368
13 369
13 370
13 371
13 372
13 373
13 374
13 375
13 376
13 377
13 378
13 379
13 380
13 381
13 382
13 383
13 384
13 385
13 386
13 387
13 389
13 393
13 394
13 395
13 396
13 398
13 400
13 401
13 403
13 404
13 405
13 406
13 408
13 409
13 410
13 411
13 412
13 413
13 414
13 415
13 416
13 417
13 418
13 419
13 420
13 424
13 426
13 428
13 429
13 431
13 432
13 434
13 435
13 437
13 438
13 439
13 440
13 442
13 443
13 444
13 445
13 446
13 447
13 448
13 452
13 453
13 454
13 455
13 456
13 457
13 458
13 459
13 460
13 461
13 462
13 463
13 464
13 465
13 466
13 467
13 468
13 469
13 470
13 471
13 472
13 473
13 475
13 476
13 477
13 478
13 479
13 480
13 481
13 482
13 483
13 485
13 486
13 487
13 488
13 489
13 490
13 491
13 492
13 494
13 495
13 496
13 497
13 498
13 499
13 501
13 502
13 504
13 505
13 506
13 507
13 508
13 509
13 510
13 511
13 513
13 514
13 515
13 516
13 517
13 518
13 519
13 522
13 523
13 524
13 525
13 526
13 527
13 529
13 530
13 531
13 532
13 533
13 537
13 538
13 539
13 540
13 544
13 545
13 546
13 548
13 549
13 550
13 551
13 552
13 553
13 554
13 556
13 557
13 558
13 559
13 560
13 561
13 562
13 563
13 564
13 566
13 567
13 568
13 569
13 570
13 572
13 575
13 576
13 578
13 579
13 581
13 582
13 583
13 584
13 585
13 586
13 587
13 589
13 591
13 592
13 594
13 595
13 596
13 597
13 599
13 600
13 602
13 603
13 604
13 605
13 606
13 607
13 608
13 611
13 613
13 614
13 615
13 616
13 617
13 618
13 619
13 620
13 621
13 623
13 625
13 626
13 627
13 628
13 629
13 630
13 632
13 633
13 634
13 635
13 637
13 638
13 639
13 640
13 642
13 643
13 645
13 646
13 648
13 650
13 651
13 652
13 653
13 654
13 655
13 656
13 657
13 658
13 661
13 662
13 663
13 664
13 665
13 666
13 667
13 668
13 670
13 671
13 672
13 673
13 675
13 676
13 677
13 678
13 679
13 681
13 682
13 684
13 686
13 687
13 688
13 689
13 690
13 691
13 693
13 696
13 697
13 699
13 700
13 701
13 702
13 703
13 705
13 709
13 710
13 711
13 712
13 713
13 714
13 715
13 716
13 717
13 718
13 720
13 721
13 723
13 726
13 727
13 728
13 729
13 730
13 731
13 732
13 733
13 734
13 735
13 736
13 737
13 738
13 740
13 741
13 742
13 743
13 744
13 745
13 747
13 748
13 750
13 751
13 752
13 754
13 755
13 756
13 757
13 758
13 759
13 760
13 762
13 763
13 764
13 765
13 766
13 767
13 769
13 770
13 771
13 772
13 773
13 775
13 776
13 778
13 779
13 780
13 782
13 783
13 784
13 785
13 788
13 789
13 790
13 791
13 793
13 795
13 796
13 797
13 798
13 799
14 16
14 17
14 18
14 20
14 21
14 22
14 23
14 24
14 27
14 28
14 31
14 32
14 33
14 34
14 35
14 36
14 37
14 39
14 40
14 41
14 42
14 43
14 44
14 45
14 46
14 49
14 52
14 53
14 54
14 55
14 56
14 57
14 58
14 59
14 62
14 64
14 65
14 66
14 67
14 68
14 69
14 72
14 73
14 75
14 76
14 77
14 78
14 79
14 80
14 83
14 84
14 86
14 87
14 89
14 92
14 93
14 94
14 96
14 97
14 98
14 99
14 100
14 101
14 102
14 103
14 104
14 105
14 106
14 107
14 108
14 109
14 110
14 111
14 112
14 113
14 114
14 115
14 116
14 117
14 118
14 119
14 121
14 122
14 124
14 125
14 126
14 127
14 129
14 132
14 134
14 135
14 136
14 137
14 138
14 139
14 140
14 141
14 142
14 143
14 144
14 145
14 146
14 148
14 150
14 151
14 152
14 153
14 154
14 155
14 156
14 157
14 158
14 159
14 160
14 161
14 163
14 165
14 166
14 167
14 168
14 169
14 171
14 172
14 173
14 174
14 175
14 177
14 179
14 181
14 182
14 183
14 184
14 185
14 186
14 187
14 188
14 189
14 190
14 191
14 192
14 193
14 194
14 195
14 196
14 197
14 198
14 199
14 200
14 201
14 202
14 203
14 204
14 205
14 206
14 207
14 208
14 209
14 210
14 211
14 212
14 213
14 214
14 215
14 216
14 217
14 220
14 222
14 223
14 224
14 225
14 226
14 227
14 228
14 229
14 230
14 231
14 232
14 233
14 234
14 236
14 237
14 238
14 239
14 240
14 241
14 243
14 244
14 245
14 246
14 247
14 248
14 249
14 250
14 252
14 253
14 254
14 255
14 258
14 261
14 262
14 263
14 264
14 265
14 266
14 267
14 268
14 269
14 270
14 271
14 272
14 273
14 274
14 275
14 276
14 277
14 278
14 279
14 280
14 282
14 283
14 284
14 286
14 287
14 288
14 289
14 290
14 291
14 292
14 293
14 294
14 295
14 296
14 297
14 298
14 300
14 301
14 302
14 303
14 304
14 306
14 308
14 309
14 310
14 311
14 312
14 313
14 315
14 316
14 317
14 318
14 320
14 321
14 323
14 324
14 325
14 327
14 328
14 329
14 330
14 331
14 332
14 333
14 334
14 335
14 336
14 337
14 338
14 339
14 341
14 344
14 345
14 347
14 349
14 350
14 351
14 352
14 354
14 356
14 358
14 359
14 360
14 361
14 362
14 363
14 364
14 365
14 366
14 367
14 368
14 369
14 371
14 372
14 373
14 374
14 375
14 377
14 378
14 380
14 381
14 382
14 384
14 385
14 386
14 387
14 388
14 389
14 390
14 392
14 393
14 394
14 395
14 396
14 397
14 398
14 399
14 400
14 401
14 403
14 404
14 405
14 406
14 408
14 409
14 410
14 411
14 412
14 414
14 416
14 417
14 418
14 419
14 420
14 422
14 423
14 424
14 425
14 426
14 427
14 428
14 430
14 431
14 432
14 433
14 434
14 436
14 437
14 438
14 440
14 441
14 442
14 445
14 446
14 447
14 448
14 450
14 451
14 452
14 454
14 455
14 456
14 459
14 460
14 461
14 463
14 464
14 466
14 468
14 469
14 470
14 471
14 472
14 473
14 475
14 476
14 477
14 478
14 479
14 482
14 483
14 484
14 485
14 486
14 487
14 488
14 489
14 490
14 492
14 493
14 495
14 496
14 498
14 500
14 501
14 502
14 504
14 506
14 507
14 508
14 509
14 511
14 513
14 514
14 515
14 516
14 517
14 518
14 519
14 520
14 521
14 522
14 523
14 526
14 529
14 530
14 531
14 532
14 533
14 534
14 535
14 536
14 537
14 538
14 539
14 541
14 542
14 543
14 544
14 545
14 546
14 547
14 549
14 550
14 551
14 552
14 553
14 554
14 555
14 556
14 557
14 558
14 559
14 560
14 561
14 562
14 563
14 564
14 565
14 566
14 567
14 568
14 570
14 571
14 572
14 573
14 574
14 575
14 576
14 577
14 578
14 579
14 581
14 582
14 585
14 586
14 587
14 588
14 589
14 591
14 592
14 593
14 595
14 596
14 598
14 599
14 600
14 601
14 602
14 603
14 606
14 610
14 611
14 612
14 613
14 614
14 615
14 616
14 618
14 620
14 622
14 623
14 624
14 625
14 626
14 627
14 628
14 629
14 630
14 631
14 632
14 634
14 635
14 636
14 637
14 638
14 640
14 642
14 643
14 644
14 645
14 647
14 648
14 650
14 651
14 652
14 653
14 654
14 655
14 656
14 657
14 658
14 659
14 660
14 661
14 662
14 663
14 664
14 665
14 666
14 667
14 668
14 669
14 670
14 671
14 672
14 673
14 674
14 675
14 676
14 678
14 679
14 680
14 681
14 683
14 684
14 685
14 686
14 687
14 688
14 689
14 690
14 691
14 692
14 693
14 695
14 696
14 698
14 699
14 700
14 701
14 702
14 703
14 705
14 706
14 707
14 708
14 709
14 710
14 715
14 716
14 718
14 719
14 720
14 721
14 722
14 724
14 725
14 726
14 727
14 728
14 729
14 730
14 732
14 733
14 734
14 735
14 739
14 740
14 742
14 743
14 744
14 746
14 747
14 748
14 749
14 750
14 751
14 752
14 753
14 754
14 755
14 756
14 758
14 759
14 760
14 761
14 762
14 763
14 764
14 765
14 767
14 768
14 769
14 771
14 772
14 773
14 774
14 775
14 776
14 777
14 778
14 779
14 780
14 782
14 783
14 785
14 786
14 787
14 788
14 789
14 791
14 792
14 794
14 795
14 796
14 797
14 798
14 799
15 16
15 18
15 19
15 23
15 24
15 25
15 27
15 28
15 29
15 30
15 32
15 33
15 35
15 36
15 37
15 38
15 39
15 40
15 41
15 42
15 43
15 44
15 45
15 46
15 48
15 49
15 50
15 51
15 52
15 54
15 55
15 56
15 57
15 59
15 62
15 63
15 65
15 66
15 67
15 68
15 69
15 70
15 71
15 72
15 73
15 74
15 76
15 78
15 80
15 81
15 82
15 83
15 84
15 85
15 86
15 87
15 88
15 89
15 90
15 91
15 92
15 94
15 95
15 96
15 97
15 98
15 99
15 100
15 101
15 102
15 103
15 104
15 105
15 106
15 107
15 108
15 109
15 111
15 112
15 113
15 116
15 118
15 119
15 121
15 122
15 123
15 124
15 125
15 126
15 127
15 128
15 129
15 130
15 131
15 132
15 133
15 134
15 135
15 136
15 137
15 138
15 140
15 141
15 142
15 144
15 145
15 146
15 147
15 148
15 149
15 151
15 152
15 153
15 154
15 155
15 156
15 157
15 159
15 160
15 161
15 164
15 165
15 166
15 168
15 170
15 171
15 172
15 173
15 174
15 175
15 177
15 178
15 179
15 180
15 181
15 183
15 185
15 186
15 187
15 188
15 189
15 190
15 191
15 192
15 193
15 194
15 196
15 197
15 198
15 200
15 201
15 202
15 203
15 204
15 205
15 207
15 208
15 209
15 210
15 211
15 213
15 215
15 216
15 217
15 218
15 219
15 220
15 222
15 223
15 224
15 225
15 226
15 227
15 228
15 229
15 230
15 231
15 232
15 233
15 234
15 235
15 236
15 237
15 238
15 239
15 240
15 241
15 243
15 244
15 245
15 246
15 248
15 249
15 250
15 251
15 253
15 254
15 255
15 256
15 257
15 258
15 259
15 260
15 261
15 262
15 263
15 265
15 266
15 268
15 269
15 271
15 272
15 273
15 274
15 275
15 276
15 278
15 279
15 280
15 281
15 283
15 286
15 287
15 289
15 290
15 291
15 292
15 294
15 295
15 297
15 298
15 300
15 301
15 302
15 303
15 306
15 308
15 309
15 311
15 313
15 315
15 316
15 317
15 318
15 319
15 320
15 321
15 322
15 323
15 324
15 325
15 326
15 327
15 329
15 330
15 331
15 332
15 333
15 334
15 335
15 336
15 337
15 338
15 339
15 340
15 341
15 342
15 343
15 346
15 348
15 350
15 351
15 352
15 353
15 354
15 356
15 357
15 358
15 359
15 360
15 362
15 363
15 365
15 366
15 367
15 369
15 370
15 372
15 373
15 374
15 376
15 377
15 378
15 379
15 380
15 381
15 382
15 383
15 384
15 385
15 386
15 387
15 388
15 389
15 390
15 391
15 392
15 393
15 394
15 396
15 397
15 398
15 399
15 401
15 402
15 403
15 404
15 405
15 406
15 407
15 408
15 409
15 411
15 412
15 413
15 414
15 415
15 416
15 417
15 418
15 419
15 420
15 421
15 422
15 423
15 424
15 425
15 426
15 427
15 428
15 429
15 430
15 432
15 433
15 434
15 436
15 438
15 439
15 440
15 442
15 443
15 444
15 445
15 446
15 447
15 448
15 449
15 450
15 451
15 452
15 453
15 454
15 455
15 456
15 457
15 458
15 460
15 461
15 462
15 463
15 464
15 465
15 466
15 467
15 468
15 469
15 470
15 473
15 474
15 479
15 480
15 481
15 482
15 483
15 484
15 485
15 486
15 487
15 488
15 489
15 490
15 491
15 493
15 494
15 495
15 496
15 498
15 500
15 501
15 502
15 503
15 504
15 505
15 506
15 507
15 510
15 511
15 512
15 513
15 514
15 516
15 517
15 518
15 519
15 520
15 521
15 522
15 524
15 525
15 527
15 528
15 529
15 530
15 531
15 532
15 533
15 534
15 535
15 536
15 537
15 538
15 539
15 540
15 541
15 542
15 543
15 546
15 547
15 548
15 549
15 551
15 552
15 553
15 554
15 555
15 556
15 557
15 558
15 559
15 560
15 561
15 562
15 563
15 565
15 566
15 567
15 568
15 569
15 570
15 572
15 573
15 577
15 579
15 580
15 581
15 582
15 583
15 586
15 587
15 588
15 590
15 591
15 592
15 593
15 594
15 595
15 596
15 597
15 598
15 599
15 600
15 601
15 602
15 603
15 604
15 605
15 606
15 608
15 609
15 610
15 611
15 613
15 614
15 615
15 616
15 618
15 619
15 620
15 621
15 622
15 623
15 624
15 625
15 626
15 627
15 628
15 629
15 631
15 632
15 633
15 634
15 635
15 636
15 638
15 639
15 640
15 641
15 642
15 643
15 644
15 645
15 646
15 647
15 648
15 649
15 650
15 651
15 652
15 653
15 654
15 655
15 656
15 658
15 659
15 661
15 662
15 663
15 664
15 665
15 666
15 667
15 668
15 670
15 671
15 672
15 673
15 674
15 675
15 677
15 678
15 679
15 680
15 681
15 683
15 684
15 685
15 686
15 687
15 688
15 689
15 690
15 691
15 694
15 695
15 696
15 697
15 700
15 701
15 703
15 704
15 705
15 706
15 707
15 708
15 709
15 710
15 711
15 712
15 713
15 715
15 716
15 717
15 718
15 719
15 720
15 722
15 723
15 725
15 726
15 727
15 728
15 729
15 730
15 731
15 733
15 735
15 736
15 737
15 738
15 739
15 741
15 742
15 743
15 744
15 745
15 749
15 751
15 752
15 756
15 757
15 759
15 760
15 761
15 762
15 763
15 764
15 766
15 767
15 768
15 771
15 772
15 773
15 774
15 775
15 776
15 777
15 778
15 779
15 780
15 781
15 782
15 783
15 784
15 785
15 786
15 787
15 788
15 789
15 790
15 791
15 792
15 793
15 794
15 795
15 797
16 17
16 19
16 20
16 21
16 22
16 24
16 25
16 26
16 27
16 28
16 29
16 30
16 31
16 32
16 34
16 35
16 36
16 38
16 39
16 40
16 41
16 42
16 43
16 45
16 46
16 48
16 49
16 50
16 52
16 53
16 54
16 55
16 56
16 57
16 59
16 62
16 64
16 65
16 66
16 67
16 68
16 69
16 71
16 72
16 73
16 74
16 75
16 76
16 77
16 78
16 79
16 80
16 81
16 82
16 83
16 84
16 86
16 87
16 88
16 89
16 90
16 91
16 92
16 93
16 94
16 96
16 98
16 99
16 101
16 102
16 103
16 104
16 105
16 106
16 107
16 110
16 112
16 113
16 114
16 115
16 116
16 117
16 118
16 119
16 120
16 121
16 122
16 123
16 124
16 125
16 126
16 127
16 128
16 129
16 130
16 131
16 132
16 133
16 134
16 135
16 136
16 137
16 138
16 139
16 140
16 141
16 142
16 144
16 146
16 147
16 148
16 149
16 150
16 152
16 153
16 155
16 157
16 158
16 159
16 160
16 164
16 165
16 166
16 167
16 169
16 170
16 171
16 172
16 173
16 174
16 175
16 178
16 179
16 181
16 182
16 183
16 184
16 185
16 186
16 187
16 188
16 189
16 190
16 191
16 192
16 193
16 194
16 197
16 198
16 199
16 200
16 201
16 203
16 204
16 206
16 207
16 208
16 210
16 212
16 213
16 214
16 215
16 216
16 217
16 218
16 219
16 220
16 221
16 222
16 223
16 224
16 225
16 226
16 227
16 230
16 231
16 232
16 233
16 234
16 235
16 236
16 237
16 240
16 241
16 243
16 244
16 246
16 247
16 248
16 249
16 250
16 251
16 252
16 253
16 254
16 255
16 256
16 257
16 258
16 259
16 260
16 262
16 263
16 265
16 267
16 268
16 269
16 270
16 271
16 272
16 273
16 275
16 276
16 278
16 279
16 280
16 281
16 282
16 283
16 284
16 285
16 286
16 287
16 289
16 290
16 291
16 292
16 296
16 297
16 299
16 301
16 302
16 304
16 305
16 306
16 308
16 310
16 311
16 312
16 313
16 315
16 317
16 318
16 319
16 320
16 322
16 323
16 324
16 325
16 326
16 327
16 328
16 331
16 332
16 333
16 334
16 335
16 336
16 337
16 338
16 340
16 341
16 342
16 343
16 344
16 345
16 346
16 349
16 351
16 352
16 353
16 354
16 355
16 356
16 357
16 358
16 359
16 360
16 361
16 362
16 366
16 367
16 368
16 370
16 371
16 372
16 373
16 374
16 375
16 376
16 378
16 379
16 380
16 381
16 383
16 384
16 386
16 387
16 388
16 389
16 390
16 391
16 392
16 393
16 394
16 395
16 396
16 397
16 399
16 401
16 402
16 404
16 405
16 407
16 408
16 409
16 410
16 411
16 413
16 414
16 415
16 416
16 417
16 418
16 419
16 420
16 421
16 422
16 423
16 425
16 426
16 427
16 428
16 429
16 430
16 432
16 433
16 434
16 436
16 437
16 438
16 439
16 440
16 441
16 444
16 445
16 446
16 447
16 448
16 449
16 451
16 452
16 453
16 455
16 456
16 458
16 459
16 460
16 461
16 462
16 463
16 464
16 466
16 467
16 468
16 469
16 470
16 471
16 473
16 474
16 475
16 476
16 477
16 479
16 480
16 481
16 482
16 483
16 484
16 485
16 486
16 488
16 489
16 490
16 491
16 492
16 493
16 494
16 495
16 496
16 497
16 498
16 499
16 500
16 501
16 502
16 503
16 504
16 505
16 506
16 507
16 508
16 509
16 511
16 512
16 513
16 514
16 515
16 516
16 517
16 518
16 520
16 522
16 523
16 524
16 525
16 526
16 527
16 528
16 529
16 530
16 531
16 534
16 536
16 537
16 538
16 539
16 541
16 542
16 543
16 544
16 545
16 547
16 548
16 550
16 552
16 553
16 554
16 555
16 556
16 557
16 560
16 561
16 562
16 563
16 564
16 565
16 566
16 567
16 568
16 569
16 570
16 571
16 572
16 573
16 575
16 576
16 577
16 579
16 580
16 582
16 583
16 584
16 585
16 586
16 587
16 588
16 589
16 590
16 591
16 592
16 593
16 594
16 595
16 597
16 598
16 599
16 600
16 601
16 604
16 605
16 606
16 607
16 608
16 609
